Chrom	Start	Stop	MAF	Genotype	Gene	TSS	Id	N.tissues	Z	Z.LCL	LCL.RPKM	pZgivenG	pZgivenGE	CADD.Raw	CADD.Phred	TFBS	Promoter	Enhancer	Dyadic	CpG	priPhCons	mamPhCons	verPhCons	priPhyloP	mamPhyloP	verPhyloP	GerpN	GerpS	GerpRS	GerpRSpval	fitCons	TFBS.CADD	TFBSPeaks.CADD	TFBSPeaksMax.CADD	EAS	AMR	AFR	EUR	SAS	Type	Var.Id
chr11	75058876	75058877	0.004065	1	ENSG00000137486.12	75062873	GTEX-N7MS	20	-2.19776078390763	NA	1.65803168838223	0.0113179805243063	0.120638762835211	-0.001685	3.306	0	0	16	0	0.03	0.001	0	0	-0.55	-1.226	-1.032	2.2	-4.39	NA	NA	0.12562	1	2	34.833	NA	NA	NA	NA	NA	Outlier	ENSG00000137486.12:chr11:75058877
chr17	1391167	1391168	0.004065	1	ENSG00000197879.10	1396106	GTEX-N7MS	20	-2.10714777337537	NA	27.5511331474572	0.0252716637063919	0.414640685090958	0.243214	6.831	0	0	0	0	0.12	0.007	0.001	0.001	0.131	0.507	0.529	0.608	0.608	NA	NA	0.077175	3	3	41.5843	NA	NA	NA	NA	NA	Outlier	ENSG00000197879.10:chr17:1391168
chr17	1397043	1397044	0.004065	1	ENSG00000197879.10	1396106	GTEX-N7MS	20	-2.10714777337537	NA	27.5511331474572	0.0252716637063919	0.414640685090958	2.116861	20.2	0	13	0	0	0.07	0.988	0.938	0.856	0.651	-0.294	-0.38	4.68	-2.76	1307.9	2.29527e-119	0.056797	1	1	53.5817	NA	NA	NA	NA	NA	Outlier	ENSG00000197879.10:chr17:1397044
chr3	197189026	197189027	0.00813	1	ENSG00000237167.1	197185276	GTEX-N7MT	6	2.76955881340178	NA	0.00579275636884727	0.0188364984409194	0.192912336913953	-0.499959	0.132	0	0	0	0	0.03	0.001	0	0	-1.902	-2.573	-2.468	0.597	-1.19	NA	NA	0.053666	NA	NA	NA	0	0	0	0.001	0	Outlier	ENSG00000237167.1:chr3:197189027
chr9	19110638	19110639	0.004065	1	ENSG00000147874.6	19103117	GTEX-N7MT	15	-2.62237991188003	NA	6.81876152021843	0.0253465256508828	0.278955249142173	-0.18961	1.257	0	0	0	0	0.03	0.016	0.016	0.018	0.235	0.238	0.254	0.207	0.207	NA	NA	0.078537	NA	NA	NA	NA	NA	NA	NA	NA	Outlier	ENSG00000147874.6:chr9:19110639
chr19	9940932	9940933	0.00813	1	ENSG00000267289.1	9945689	GTEX-N7MT	14	2.14882790112783	NA	0.0774409858869356	0.026862477475243	0.307349875538847	-0.04305	2.739	1	0	0	0	0	0.038	0	0	-0.18	-0.457	-0.466	2.44	-2.28	NA	NA	0.069498	NA	NA	NA	0	0	0	0.001	0	Outlier	ENSG00000267289.1:chr19:9940933
chr19	9950702	9950703	0.00813	1	ENSG00000267289.1	9945689	GTEX-N7MT	14	2.14882790112783	NA	0.0774409858869356	0.026862477475243	0.307349875538847	0.092625	4.725	0	0	0	0	0.03	0.027	0.054	0.067	0.354	0.365	0.385	0.401	0.401	NA	NA	0.099652	NA	NA	NA	NA	NA	NA	NA	NA	Outlier	ENSG00000267289.1:chr19:9950703
chr1	149670157	149670158	0.004065	1	ENSG00000223759.2	149672997	GTEX-N7MT	15	-2.06952977461863	NA	0.233733582620819	0.0249355519523399	0.2412344495862	-0.39798	0.294	0	0	0	0	0.11	0	0	0	-1.494	-0.788	-0.782	1.28	-2.19	NA	NA	0.093361	NA	NA	NA	0	0	0	0.001	0	Outlier	ENSG00000223759.2:chr1:149670158
chr5	64780702	64780703	0.004065	1	ENSG00000049192.10	64777747	GTEX-N7MT	14	2.06438011508589	NA	0.83249824371581	0.0269422314679984	0.324421440452386	0.297188	7.462	0	0	0	0	0.08	0.177	0.176	0.188	0.11	0.109	0.111	0	0	NA	NA	0.16322	NA	NA	NA	NA	NA	NA	NA	NA	Outlier	ENSG00000049192.10:chr5:64780703
chr11	46640771	46640772	0.004065	1	ENSG00000175224.12	46638826	GTEX-NPJ7	13	-3.39669010765319	NA	9.47401540321216	0.0230895578014657	0.286136739540228	0.247765	6.887	1	0	0	0	0.01	0.134	0.015	0.021	0.415	1.272	1.355	2.27	2.27	NA	NA	0.093361	NA	NA	NA	0	0.0014	8e-04	0.008	0	Outlier	ENSG00000175224.12:chr11:46640772
chr6	43014581	43014582	0.00813	1	ENSG00000044090.4	43021683	GTEX-NPJ7	13	-2.36712899800423	NA	11.5598744634996	0.0227783756272957	0.288759148652666	0.266341	7.11	1	0	0	0	0.03	0.056	0	0	0.651	-0.031	0.056	4.37	0.474	NA	NA	0.156329	NA	NA	NA	0	0.0058	0	0.008	0.0041	Outlier	ENSG00000044090.4:chr6:43014582
chr6	169782815	169782816	0.004065	1	ENSG00000226194.1	169788480	GTEX-NPJ7	12	2.17191876509049	NA	0.00126779198303427	0.0271989821781176	0.282038932351878	-0.442805	0.209	0	0	0	0	0	0	0	0	-2.366	-1.808	-1.687	1.35	-2.71	NA	NA	0.053666	NA	NA	NA	NA	NA	NA	NA	NA	Outlier	ENSG00000226194.1:chr6:169782816
chr6	169788216	169788217	0.004065	1	ENSG00000226194.1	169788480	GTEX-NPJ7	12	2.17191876509049	NA	0.00126779198303427	0.0271989821781176	0.282038932351878	0.051338	4.092	0	0	0	2	0.05	0.011	0	0	0.307	-0.125	-0.108	1.6	-0.269	NA	NA	0.074678	NA	NA	NA	NA	NA	NA	NA	NA	Outlier	ENSG00000226194.1:chr6:169788217
chr10	81580319	81580320	0.004065	1	ENSG00000225484.2	81585538	GTEX-O5YW	10	3.2188493303096	NA	3.53811189270856	0.0225121356415037	0.245643790849548	0.156002	5.667	0	0	0	0	0.01	0.136	0.039	0.055	0.094	0.356	0.379	0.321	0.321	NA	NA	0.062364	NA	NA	NA	NA	NA	NA	NA	NA	Outlier	ENSG00000225484.2:chr10:81580320
chr10	81584693	81584694	0.004098	1	ENSG00000225484.2	81585538	GTEX-O5YW	10	3.2188493303096	NA	3.53811189270856	0.0225121356415037	0.245643790849548	0.168814	5.849	0	0	0	0	0.01	0.179	0.027	0.036	0.151	0.418	0.43	0.36	0.36	NA	NA	0.078537	NA	NA	NA	NA	NA	NA	NA	NA	Outlier	ENSG00000225484.2:chr10:81584694
chr10	81584857	81584858	0.004065	1	ENSG00000225484.2	81585538	GTEX-O5YW	10	3.2188493303096	NA	3.53811189270856	0.0225121356415037	0.245643790849548	0.247096	6.879	0	0	0	0	0	0.208	0.012	0.019	0.151	0.418	0.43	0.36	0.36	NA	NA	0.093361	NA	NA	NA	NA	NA	NA	NA	NA	Outlier	ENSG00000225484.2:chr10:81584858
chr10	96824927	96824928	0.004065	1	ENSG00000138115.9	96829254	GTEX-OHPM	14	9.0965460803823	NA	0.183955076624427	0.0223403546498117	0.235007870108802	-0.234084	0.951	0	0	0	0	0.01	0.004	0	0	-0.75	-0.488	-0.435	1.61	-1.43	NA	NA	0.061782	NA	NA	NA	0	0	8e-04	0	0	Outlier	ENSG00000138115.9:chr10:96824928
chr1	160115165	160115166	0.004065	1	ENSG00000132681.12	160121360	GTEX-OHPM	10	2.73463392115295	NA	0.0367826079917059	0.0230383952886768	0.263923350110376	-0.09831	2.083	0	0	0	0	0.03	0.002	0.001	0.001	0.166	0.429	0.456	0.53	0.53	NA	NA	0.076698	NA	NA	NA	0	0.0029	0	0.0089	0.002	Outlier	ENSG00000132681.12:chr1:160115166
chr1	160116745	160116746	0.004065	1	ENSG00000132681.12	160121360	GTEX-OHPM	10	2.73463392115295	NA	0.0367826079917059	0.0230383952886768	0.263923350110376	-0.201461	1.17	0	0	0	0	0.03	0.005	0.005	0.006	-0.772	-0.757	-0.71	0.315	-0.63	NA	NA	0.060736	NA	NA	NA	0	0.0029	0	0.0089	0.0031	Outlier	ENSG00000132681.12:chr1:160116746
chr1	36014260	36014261	0.004065	1	ENSG00000142687.13	36023014	GTEX-OIZG	10	-3.25914781776312	NA	9.60510833639848	0.0212060928111749	0.24775415458563	0.030556	3.778	0	0	0	0	0.01	0.05	0.002	0.002	0.325	0.117	0.149	1.69	0.496	NA	NA	0.106103	NA	NA	NA	NA	NA	NA	NA	NA	Outlier	ENSG00000142687.13:chr1:36014261
chr19	458569	458570	0.008264	1	ENSG00000129946.6	460996	GTEX-OIZG	10	2.15496799876255	NA	0.0524902145067851	0.0430511025959192	0.423802685978635	0.02441	3.686	0	0	1	0	0.21	0	0.002	0.069	0	1.099	2.301	2.05	2.05	NA	NA	0.052882	NA	NA	NA	0	0.0159	0.1687	0.0089	0.0286	Outlier	ENSG00000129946.6:chr19:458570
chr19	458573	458574	0.008264	1	ENSG00000129946.6	460996	GTEX-OIZG	10	2.15496799876255	NA	0.0524902145067851	0.0430511025959192	0.423802685978635	0.028908	3.753	0	0	1	0	0.23	0	0	0.022	0	-1.409	0.826	2.05	-4.11	NA	NA	0.052882	NA	NA	NA	0	0.0159	0.1694	0.0099	0.0286	Outlier	ENSG00000129946.6:chr19:458574
chr19	459730	459731	0.00813	1	ENSG00000129946.6	460996	GTEX-OIZG	10	2.15496799876255	NA	0.0524902145067851	0.0430511025959192	0.423802685978635	0.186561	6.095	0	16	0	0	0.09	0.002	0	0.003	-0.724	-0.838	0	1.52	-1.86	NA	NA	0.200533	2	6	342.9986	0	0.0043	8e-04	0.007	0.001	Outlier	ENSG00000129946.6:chr19:459731
chr17	15596595	15596596	0.004065	1	ENSG00000187607.11	15602891	GTEX-OIZH	17	-3.65942579656915	NA	1.81596302045019	0.0306668402003751	0.333526910940716	0.004	3.387	0	0	0	0	0.05	0.088	0.087	0.1	0.188	0.185	0.192	0.149	0.149	NA	NA	0.053666	NA	NA	NA	0	0	0	0.001	0.002	Outlier	ENSG00000187607.11:chr17:15596596
chr17	15596596	15596597	0.004065	1	ENSG00000187607.11	15602891	GTEX-OIZH	17	-3.65942579656915	NA	1.81596302045019	0.0306668402003751	0.333526910940716	0.04478	3.993	0	0	0	0	0.05	0.098	0.097	0.112	0.188	0.185	0.192	0.149	0.149	NA	NA	0.053666	NA	NA	NA	0	0	0	0.001	0.002	Outlier	ENSG00000187607.11:chr17:15596597
chr4	103677285	103677286	0.00813	1	ENSG00000109323.4	103682151	GTEX-OIZH	17	-3.16639008267751	NA	13.5754029039751	0.0312748295430363	0.313867150025236	0.051096	4.089	0	0	0	0	0	0.078	0.078	0.087	0.148	0.15	0.16	0.109	0.109	NA	NA	0.053666	NA	NA	NA	0	0.0202	0.1762	0.001	0	Outlier	ENSG00000109323.4:chr4:103677286
chr4	103689348	103689349	0.004065	1	ENSG00000109323.4	103682151	GTEX-OIZH	17	-3.16639008267751	NA	13.5754029039751	0.0312748295430363	0.313867150025236	-0.027027	2.952	0	0	0	0	0.04	0.088	0.086	0.093	0.11	0.109	0.111	0	0	NA	NA	0.078537	NA	NA	NA	0	0.0029	0.0174	0	0	Outlier	ENSG00000109323.4:chr4:103689349
chr4	103689425	103689426	0.004065	1	ENSG00000109323.4	103682151	GTEX-OIZH	17	-3.16639008267751	NA	13.5754029039751	0.0312748295430363	0.313867150025236	-0.402721	0.284	0	0	0	0	0.03	0.112	0.112	0.123	-1.631	-1.649	-1.642	0	0	NA	NA	0.053666	NA	NA	NA	0	0.0043	0.0204	0.001	0	Outlier	ENSG00000109323.4:chr4:103689426
chr19	9938990	9938991	0.004065	1	ENSG00000198258.6	9938568	GTEX-OOBK	14	-2.45153749908693	NA	167.257063480846	0.0172364272168835	0.242175984855063	0.121933	5.168	2	19	0	0	0.09	0.007	0	0	-1.837	-0.521	-0.781	3.69	-3.06	NA	NA	0.091334	NA	NA	NA	0	0	8e-04	0	0	Outlier	ENSG00000198258.6:chr19:9938991
chr14	100445468	100445469	0.004065	1	ENSG00000196405.8	100437786	GTEX-OOBK	14	2.44053833782002	NA	33.5561311286792	0.02109146518632	0.221829161804308	-0.492582	0.14	0	0	0	0	0.03	0.002	0	0	-1.672	-0.772	-0.79	1.26	-0.811	NA	NA	0.053666	NA	NA	NA	NA	NA	NA	NA	NA	Outlier	ENSG00000196405.8:chr14:100445469
chr3	9879330	9879331	0.004065	1	ENSG00000156990.10	9886286	GTEX-OXRK	15	-2.03568232154158	NA	12.3973037903769	0.0290333959935581	0.303682056692989	-0.00178	3.304	0	0	0	0	0.04	0	0	0	0	0	0	0	0	NA	NA	0.047798	NA	NA	NA	0.001	0.0375	8e-04	0.008	0.002	Outlier	ENSG00000156990.10:chr3:9879331
chr3	9887647	9887648	0.00813	1	ENSG00000156990.10	9886286	GTEX-OXRK	15	-2.03568232154158	NA	12.3973037903769	0.0290333959935581	0.303682056692989	-0.289878	0.65	0	0	0	0	0.01	0.021	0.021	0.024	0.241	0.244	0.26	0.137	0.137	NA	NA	0.074427	NA	NA	NA	0	0	0	0.001	0	Outlier	ENSG00000156990.10:chr3:9887648
chr3	9894675	9894676	0.004065	1	ENSG00000156990.10	9886286	GTEX-OXRK	15	-2.03568232154158	NA	12.3973037903769	0.0290333959935581	0.303682056692989	-0.06487	2.465	0	0	0	0	0.04	0	0	0	0	0	0	0	0	NA	NA	0.078537	NA	NA	NA	NA	NA	NA	NA	NA	Outlier	ENSG00000156990.10:chr3:9894676
chr18	12375585	12375586	0.004065	1	ENSG00000141385.5	12377313	GTEX-OXRL	14	-4.9647312477042	NA	29.2026295076337	0.0228748613749	0.242480142599041	0.108663	4.968	0	0	13	0	0.08	0.021	0.021	0.022	0.198	0.195	0.202	0.158	0.158	NA	NA	0.093361	NA	NA	NA	NA	NA	NA	NA	NA	Outlier	ENSG00000141385.5:chr18:12375586
chr18	12375592	12375593	0.004065	1	ENSG00000141385.5	12377313	GTEX-OXRL	14	-4.9647312477042	NA	29.2026295076337	0.0228748613749	0.242480142599041	-0.172939	1.387	0	0	13	0	0.08	0.012	0.012	0.013	-1.105	-1.105	-1.061	0.158	-0.317	NA	NA	0.093361	NA	NA	NA	NA	NA	NA	NA	NA	Outlier	ENSG00000141385.5:chr18:12375593
chr9	139856642	139856643	0.004065	1	ENSG00000198454.2	139863695	GTEX-OXRL	5	3.26075698590423	NA	0.00657488528246942	0.0200642341699807	0.208303692700235	-0.388815	0.316	0	0	3	0	0.07	0.003	0	0	-1.017	-1.429	-1.345	0.495	-0.989	NA	NA	0.056797	NA	NA	NA	NA	NA	NA	NA	NA	Outlier	ENSG00000198454.2:chr9:139856643
chr7	66150008	66150009	0.004065	1	ENSG00000154710.11	66147151	GTEX-OXRL	14	2.15805649573139	NA	1.89680498838425	0.0230988844639727	0.226149556377773	-0.001778	3.304	0	0	2	0	0.03	0.02	0.001	0.001	0.187	-0.354	-0.345	0.49	-0.664	NA	NA	0.078537	NA	NA	NA	0	0.0014	0	0.004	0	Outlier	ENSG00000154710.11:chr7:66150009
chr3	122095502	122095503	0.004065	1	ENSG00000114023.11	122103023	GTEX-OXRN	11	-4.17547188475863	NA	38.1748024789911	0.0237698172225761	0.290167070307656	0.60958	10.26	0	0	0	0	0.01	0.335	0.333	0.379	0.157	0.159	0.169	0.118	0.118	NA	NA	0.088604	NA	NA	NA	NA	NA	NA	NA	NA	Outlier	ENSG00000114023.11:chr3:122095503
chr4	128707832	128707833	0.004065	1	ENSG00000164070.7	128702976	GTEX-OXRO	7	3.64118149713478	NA	4.45919491951926	0.0217316354215758	0.215930002097384	-0.709672	0.025	0	0	0	0	0.03	0.006	0.006	0.007	-1.824	-1.847	-1.808	0.235	-0.47	NA	NA	0.093361	NA	NA	NA	0.004	0	0	0	0.001	Outlier	ENSG00000164070.7:chr4:128707833
chr11	284144	284145	0.00813	1	ENSG00000142102.11	289138	GTEX-OXRO	7	-2.17186928568292	NA	23.4726287272939	0.0171180889716125	0.175189342110974	-0.132485	1.74	1	0	2	0	0.05	0.01	0	0	-1.105	-2.012	-1.991	2.23	-4.45	NA	NA	0.081118	3	4	55.7205	0	0.0029	0.0023	0.006	0.0041	Outlier	ENSG00000142102.11:chr11:284145
chr22	45396047	45396048	0.004065	1	ENSG00000056487.11	45405880	GTEX-OXRO	6	2.02353048180581	NA	0.0367786777471274	0.0243807789752302	0.255278965432837	-0.079973	2.287	0	0	0	0	0.09	0	0	0	-0.407	-0.432	-0.396	1.25	-1.11	NA	NA	0.124891	NA	NA	NA	0.004	0.0058	0.0825	0	0.0184	Outlier	ENSG00000056487.11:chr22:45396048
chr22	45398242	45398243	0.004065	1	ENSG00000056487.11	45405880	GTEX-OXRO	6	2.02353048180581	NA	0.0367786777471274	0.0243807789752302	0.255278965432837	-0.348108	0.427	0	0	0	0	0	0.03	0	0	0.307	-0.872	-0.827	2.11	-2.67	NA	NA	0.115049	NA	NA	NA	0.003	0.0014	0	0	0	Outlier	ENSG00000056487.11:chr22:45398243
chr22	45400329	45400330	0.004065	1	ENSG00000056487.11	45405880	GTEX-OXRO	6	2.02353048180581	NA	0.0367786777471274	0.0243807789752302	0.255278965432837	-0.045149	2.712	0	0	0	0	0.03	0.002	0.001	0.001	-0.379	0.103	0.122	1.57	0.498	NA	NA	0.044488	NA	NA	NA	0.0486	0.0115	8e-04	0.002	0.0225	Outlier	ENSG00000056487.11:chr22:45400330
chr22	45411114	45411115	0.004065	1	ENSG00000056487.11	45405880	GTEX-OXRO	6	2.02353048180581	NA	0.0367786777471274	0.0243807789752302	0.255278965432837	-0.365499	0.376	0	0	0	0	0.09	0	0	0	-0.494	-0.479	-0.452	0.377	-0.753	NA	NA	0.077707	NA	NA	NA	0.0506	0.0115	8e-04	0.002	0.0225	Outlier	ENSG00000056487.11:chr22:45411115
chr8	10389712	10389713	0.004065	1	ENSG00000184647.6	10383056	GTEX-P44H	6	3.22872403945884	NA	0.00500860464097442	0.0212626480598901	0.269332392658918	0.186609	6.096	0	0	2	0	0.07	0.04	0.002	0.003	0.486	0.475	0.468	3.52	1.7	NA	NA	0.074427	2	2	41.0923	NA	NA	NA	NA	NA	Outlier	ENSG00000184647.6:chr8:10389713
chr20	44645484	44645485	0.00813	1	ENSG00000100985.7	44637547	GTEX-P44H	16	2.82028606452994	NA	6.73544984167082	0.0195016946363999	0.226653282112402	-0.415504	0.258	0	0	0	0	0.07	0.014	0.013	0.016	-1.361	-1.352	-1.307	0.109	-0.218	NA	NA	0.078537	NA	NA	NA	NA	NA	NA	NA	NA	Outlier	ENSG00000100985.7:chr20:44645485
chr9	216450	216451	0.004065	1	ENSG00000107099.11	220748	GTEX-P44H	16	2.73386094594126	NA	18.5979558334016	0.0278002872593552	0.278903910040621	0.296837	7.458	0	0	2	0	0.01	0.268	0.263	0.33	-0.674	-0.687	-0.667	0.235	-0.47	NA	NA	0.095567	NA	NA	NA	NA	NA	NA	NA	NA	Outlier	ENSG00000107099.11:chr9:216451
chr9	220876	220877	0.004065	1	ENSG00000107099.11	220748	GTEX-P44H	16	2.73386094594126	NA	18.5979558334016	0.0278002872593552	0.278903910040621	-0.456808	0.187	0	0	0	0	0.08	0.001	0	0	-1.909	-1.695	-1.651	0.554	-1.11	NA	NA	0.053666	NA	NA	NA	0	0	8e-04	0.001	0	Outlier	ENSG00000107099.11:chr9:220877
chr11	18058205	18058206	0.004065	1	ENSG00000129167.5	18063973	GTEX-P44H	16	2.48870308496503	NA	0.192059322930219	0.0212976833922013	0.238194309921331	-0.0598	2.527	0	0	0	0	0	0.001	0	0	-0.396	-0.175	-0.115	3.71	-0.954	NA	NA	0.065702	NA	NA	NA	0	0	0	0.003	0	Outlier	ENSG00000129167.5:chr11:18058206
chr12	130525341	130525342	0.004065	1	ENSG00000214039.4	130529602	GTEX-P44H	5	2.42501732360508	NA	0.000570101446978617	0.0248550004110943	0.271176002719857	-0.082543	2.257	0	0	0	0	0.04	0.002	0.001	0.001	0.478	0.795	0.844	1.21	1.21	NA	NA	0.065702	NA	NA	NA	0	0	0	0.003	0	Outlier	ENSG00000214039.4:chr12:130525342
chr12	130536102	130536103	0.004065	1	ENSG00000214039.4	130529602	GTEX-P44H	5	2.42501732360508	NA	0.000570101446978617	0.0248550004110943	0.271176002719857	-0.04078	2.769	1	0	0	0	0.03	0.015	0.002	0.003	0.198	0.578	0.596	0.615	0.615	NA	NA	0.065702	NA	NA	NA	0.001	0	0	0.003	0.001	Outlier	ENSG00000214039.4:chr12:130536103
chr6	133064627	133064628	0.004065	1	ENSG00000093134.9	133055904	GTEX-P44H	9	2.35287992657329	NA	0.084919350466838	0.0210443270934465	0.254364879776135	-0.044758	2.717	2	0	0	0	0	0.032	0.002	0.002	0.375	0.809	0.878	1.29	1.29	NA	NA	0.061782	NA	NA	NA	0	0	0	0.003	0	Outlier	ENSG00000093134.9:chr6:133064628
chr11	59634072	59634073	0.004065	1	ENSG00000134827.3	59634048	GTEX-P44H	11	2.07463940409676	NA	0.0164079054079035	0.0285631288829778	0.375883205989024	0.32864	7.801	1	0	0	0	0	0.013	0.073	0.462	-0.261	0.583	0.965	4.95	3.06	294.1	1.51412e-26	0.080841	5	11	351.1754	NA	NA	NA	NA	NA	Outlier	ENSG00000134827.3:chr11:59634073
chr4	2847089	2847090	0.004065	1	ENSG00000087274.12	2845584	GTEX-P4PQ	14	2.4841576292184	NA	44.574164792111	0.0328524549804754	0.386856067803483	0.257382	7.003	0	0	0	0	0.09	0.082	0.018	0.02	0.425	0.628	0.639	0.685	0.685	NA	NA	0.093361	15	16	328.5481	NA	NA	NA	NA	NA	Outlier	ENSG00000087274.12:chr4:2847090
chr5	90605851	90605852	0.004065	1	ENSG00000248323.1	90610219	GTEX-P4QR	6	2.20721317792319	NA	0.061078087071349	0.0257674751494629	0.320522102976944	0.342401	7.943	0	0	0	0	0.03	0.083	0.014	0.014	0.557	1.629	1.621	2.34	2.34	NA	NA	0.078537	NA	NA	NA	0	0	0	0.002	0.001	Outlier	ENSG00000248323.1:chr5:90605852
chr17	61913671	61913672	0.004065	1	ENSG00000108604.11	61920425	GTEX-P4QR	7	-2.20404940581684	NA	36.3388075912208	0.0228573999489438	0.271030615849896	0.077237	4.489	0	0	0	0	0.09	0.046	0.003	0.004	0.299	-0.324	-0.316	0.501	-0.596	NA	NA	0.156329	NA	NA	NA	0	0	0	0	0.001	Outlier	ENSG00000108604.11:chr17:61913672
chr7	155084181	155084182	0.00813	2	ENSG00000273117.1	155089251	GTEX-P4QR	7	2.1201325046353	NA	2.79379265507062	0.0225448703624589	0.259735918645635	-0.031432	2.893	0	0	0	0	0.05	0.174	0.01	0.011	0.219	-0.468	-0.443	0.369	-0.738	NA	NA	0.074427	NA	NA	NA	0	0.0086	8e-04	0.004	0	Outlier	ENSG00000273117.1:chr7:155084182
chr11	89867689	89867690	0.00813	1	ENSG00000077616.6	89864683	GTEX-P78B	18	2.8027044592341	NA	0.382470593052475	0.0241634811252015	0.316314922427864	0.149877	5.579	0	9	0	0	0.08	0.017	0	0	-0.149	-0.689	-0.668	3.2	-3.15	NA	NA	0.114458	19	21	318.7212	0	0.0014	0	0.004	0	Outlier	ENSG00000077616.6:chr11:89867690
chr5	149795183	149795184	0.004065	1	ENSG00000019582.10	149792492	GTEX-PLZ5	13	2.26273571674306	NA	1876.26876242119	0.0161755177555384	0.191971920947358	0.095789	4.773	0	0	1	0	0.01	0.016	0.002	0.002	0.299	-0.279	-0.281	1.3	-0.785	NA	NA	0.057495	NA	NA	NA	0	0.0058	0	0.002	0	Outlier	ENSG00000019582.10:chr5:149795184
chr7	56011916	56011917	0.004065	1	ENSG00000146729.5	56019486	GTEX-PLZ6	17	-3.14870193744002	NA	20.9941043937415	0.0276020183832502	0.318161647527679	-0.009493	3.195	0	0	0	0	0.08	0.024	0.024	0.027	0.291	0.286	0.293	0.137	0.137	NA	NA	0.078537	NA	NA	NA	0	0	0	0.001	0.002	Outlier	ENSG00000146729.5:chr7:56011917
chr7	56014886	56014887	0.004065	1	ENSG00000146729.5	56019486	GTEX-PLZ6	17	-3.14870193744002	NA	20.9941043937415	0.0276020183832502	0.318161647527679	0.231533	6.686	0	0	0	0	0.04	0.134	0.131	0.153	0.299	0.294	0.303	0.225	0.225	NA	NA	0.053666	NA	NA	NA	NA	NA	NA	NA	NA	Outlier	ENSG00000146729.5:chr7:56014887
chr3	128584738	128584739	0.004065	1	ENSG00000261159.1	128579369	GTEX-POYW	8	6.2947796790611	NA	0.715146280057205	0.0243181685427444	0.269929352185612	-0.152126	1.561	0	0	0	0	0	0.08	0.083	0.115	0.255	0.259	0.275	0.235	0.235	NA	NA	0.053666	NA	NA	NA	NA	NA	NA	NA	NA	Outlier	ENSG00000261159.1:chr3:128584739
chr1	16006516	16006517	0.00813	1	ENSG00000271742.1	16009623	GTEX-POYW	5	2.14647444149352	NA	0.135238880324259	0.0221092020632825	0.226612284531663	-0.02859	2.931	0	0	0	0	0.01	0.283	0.064	0.093	-1.512	-1.459	-1.405	0.185	-0.371	NA	NA	0.053666	NA	NA	NA	0	0.0029	8e-04	0.004	0.001	Outlier	ENSG00000271742.1:chr1:16006517
chr1	185117589	185117590	0.004065	1	ENSG00000116668.8	185126212	GTEX-POYW	8	2.03440964613036	NA	1.52939049036879	0.02400227275912	0.260359761613548	0.013382	3.524	0	0	0	0	0.03	0.01	0	0.001	0.587	-0.044	-0.033	1.91	-0.164	NA	NA	0.099652	NA	NA	NA	0	0	0	0.001	0	Outlier	ENSG00000116668.8:chr1:185117590
chr1	185117653	185117654	0.004065	1	ENSG00000116668.8	185126212	GTEX-POYW	8	2.03440964613036	NA	1.52939049036879	0.02400227275912	0.260359761613548	-0.335284	0.469	0	0	0	0	0.01	0.047	0	0	-0.383	-3.274	-3.05	3.01	-6.01	NA	NA	0.088604	NA	NA	NA	0	0	0	0.001	0	Outlier	ENSG00000116668.8:chr1:185117654
chr1	185136047	185136048	0.00813	1	ENSG00000116668.8	185126212	GTEX-POYW	8	2.03440964613036	NA	1.52939049036879	0.02400227275912	0.260359761613548	-0.69368	0.029	1	0	0	0	0	0.002	0	0	-0.99	-1.781	-1.591	0.493	-0.985	NA	NA	0.062364	NA	NA	NA	0.001	0.0014	8e-04	0.001	0	Outlier	ENSG00000116668.8:chr1:185136048
chr17	39539307	39539308	0.00813	1	ENSG00000131737.5	39538655	GTEX-PWCY	6	4.22499671428012	NA	0.0130505814429438	0.0290060785390119	0.318582913067861	-0.281311	0.69	0	0	0	0	0.05	0.02	0.001	0.001	0.399	-0.403	-0.374	0.554	-0.981	NA	NA	0.053666	NA	NA	NA	NA	NA	NA	NA	NA	Outlier	ENSG00000131737.5:chr17:39539308
chr17	39539310	39539311	0.00813	1	ENSG00000131737.5	39538655	GTEX-PWCY	6	4.22499671428012	NA	0.0130505814429438	0.0290060785390119	0.318582913067861	-0.400327	0.289	0	0	0	0	0.05	0.009	0	0	-0.559	-1.133	-1.088	0.554	-1.11	NA	NA	0.053666	NA	NA	NA	NA	NA	NA	NA	NA	Outlier	ENSG00000131737.5:chr17:39539311
chr17	39539311	39539312	0.00813	1	ENSG00000131737.5	39538655	GTEX-PWCY	6	4.22499671428012	NA	0.0130505814429438	0.0290060785390119	0.318582913067861	-0.149234	1.587	0	0	0	0	0.05	0.013	0.001	0.001	0.399	-0.296	-0.277	0.554	-0.577	NA	NA	0.053666	NA	NA	NA	NA	NA	NA	NA	NA	Outlier	ENSG00000131737.5:chr17:39539312
chr15	51632017	51632018	0.004065	1	ENSG00000137869.9	51630807	GTEX-PWOO	16	2.30411371886157	NA	0.0292713075177744	0.0220528122419131	0.260577230244537	0.044568	3.989	0	0	0	0	0.01	0.082	0.017	0.021	-0.428	-0.026	0.005	2.5	-0.0196	NA	NA	0.065702	NA	NA	NA	0	0	0	0.001	0	Outlier	ENSG00000137869.9:chr15:51632018
chr9	89657235	89657236	0.004065	1	ENSG00000269994.1	89657041	GTEX-Q2AG	17	3.97860709182113	NA	0.00691528544810257	0.0310456428494578	0.360982036118295	0.259874	7.033	0	0	0	0	0.08	0.151	0.149	0.152	0.076	0.074	0.075	0	0	NA	NA	0.053666	2	2	35.4215	NA	NA	NA	NA	NA	Outlier	ENSG00000269994.1:chr9:89657236
chr11	93476222	93476223	0.004065	1	ENSG00000182919.10	93475129	GTEX-Q2AG	24	-2.65203080572098	NA	5.52331299321693	0.0269934767760621	0.359145165924227	0.88718	12.28	0	0	0	0	0.05	0.501	0.491	0.55	0.178	0.175	0.182	0.113	0.113	NA	NA	0.099652	NA	NA	NA	NA	NA	NA	NA	NA	Outlier	ENSG00000182919.10:chr11:93476223
chr22	17702407	17702408	0.004065	1	ENSG00000093072.11	17702879	GTEX-Q2AG	24	-2.04535656385623	NA	11.1334961067166	0.0275934441082295	0.347847688452756	0.066149	4.319	0	0	5	0	0.04	0.078	0	0	0.437	-0.181	-0.16	1.8	-0.609	NA	NA	0.057495	NA	NA	NA	0	0	0	0.001	0	Outlier	ENSG00000093072.11:chr22:17702408
chr22	17709593	17709594	0.004065	1	ENSG00000093072.11	17702879	GTEX-Q2AG	24	-2.04535656385623	NA	11.1334961067166	0.0275934441082295	0.347847688452756	0.316973	7.677	0	0	0	4	0.05	0.006	0.653	0.737	-1.467	-0.108	-0.071	2.11	1.04	NA	NA	0.086403	1	1	27.2221	NA	NA	NA	NA	NA	Outlier	ENSG00000093072.11:chr22:17709594
chr8	123443289	123443290	0.004065	1	ENSG00000255364.1	123440790	GTEX-Q2AI	5	2.98828354529219	NA	0.0164106345915219	0.0245197252149269	0.296773749059758	-0.008477	3.209	0	0	0	0	0.04	0.006	0.001	0.001	0.486	0.375	0.396	2.54	1.29	NA	NA	0.061782	NA	NA	NA	0	0	0	0.003	0.002	Outlier	ENSG00000255364.1:chr8:123443290
chr21	16126508	16126509	0.00813	1	ENSG00000232884.3	16126184	GTEX-Q734	14	3.97609395527204	NA	0.160608977447019	0.0257787725182496	0.300036538121027	-0.201921	1.166	0	0	0	3	0	0.029	0.001	0.001	0.299	-0.149	-0.16	1.53	-0.484	NA	NA	0.080841	12	13	310.6044	0	0	0	0.001	0	Outlier	ENSG00000232884.3:chr21:16126509
chr20	37047583	37047584	0.00813	1	ENSG00000224635.1	37045444	GTEX-Q734	17	3.4095678557369	NA	0.259689015875521	0.0272750796893405	0.302192319255561	0.008122	3.447	0	0	5	0	0.03	0.004	0.001	0.001	0.342	-0.063	-0.038	1.17	-0.134	NA	NA	0.086061	NA	NA	NA	0	0	0	0.002	0.002	Outlier	ENSG00000224635.1:chr20:37047584
chr11	63584979	63584980	0.00813	1	ENSG00000168005.4	63580860	GTEX-Q734	17	2.87714589330927	NA	11.8922381108267	0.0216850325369412	0.248893382764916	0.069341	4.368	0	0	0	0	0.01	0.032	0	0	0.457	-0.378	-0.377	2.06	-1.57	NA	NA	0.075399	NA	NA	NA	0	0.0043	0	0.002	0	Outlier	ENSG00000168005.4:chr11:63584980
chr22	17295452	17295453	0.00813	1	ENSG00000172967.7	17302589	GTEX-Q734	5	2.21081650906915	NA	0.0269709866036449	0.0194994737238436	0.219964329477937	0.113498	5.041	0	0	0	0	0.01	0.085	0.085	0.097	0.124	0.123	0.125	0.0465	0.0465	NA	NA	0.053666	NA	NA	NA	0	0	0	0.001	0	Outlier	ENSG00000172967.7:chr22:17295453
chr13	51745754	51745755	0.00813	1	ENSG00000226792.2	51746524	GTEX-QEG4	5	3.51301354270438	NA	0.00132282485924008	0.0303946115846347	0.343348879359686	0.119495	5.131	0	0	0	0	0.05	NA	NA	NA	NA	NA	NA	0	0	NA	NA	0.262608	NA	NA	NA	0	0	0	0.002	0	Outlier	ENSG00000226792.2:chr13:51745755
chr13	51746712	51746713	0.004065	1	ENSG00000226792.2	51746524	GTEX-QEG4	5	3.51301354270438	NA	0.00132282485924008	0.0303946115846347	0.343348879359686	-0.187672	1.271	0	0	0	0	0.03	0	0	0	0	0	0	0	0	NA	NA	0.130926	NA	NA	NA	NA	NA	NA	NA	NA	Outlier	ENSG00000226792.2:chr13:51746713
chr6	130329921	130329922	0.004065	1	ENSG00000198945.3	130334844	GTEX-QEG4	13	2.23112005243174	NA	2.78472366353922	0.0155924315338283	0.171402253269782	-0.145998	1.616	0	0	0	0	0	0	0	0	-1.243	-0.878	-0.775	3.28	-4.56	NA	NA	0.109065	2	2	41.9918	NA	NA	NA	NA	NA	Outlier	ENSG00000198945.3:chr6:130329922
chr16	23538193	23538194	0.004065	1	ENSG00000103365.11	23533316	GTEX-QEG5	17	5.72163904635085	NA	37.7202472352145	0.0282171433685732	0.323161675877136	0.186241	6.091	0	0	0	0	0.01	0.012	0.004	0.005	0.437	1.519	1.521	2.16	2.16	NA	NA	0.106103	NA	NA	NA	NA	NA	NA	NA	NA	Outlier	ENSG00000103365.11:chr16:23538194
chr16	23539948	23539949	0.004065	1	ENSG00000103365.11	23533316	GTEX-QEG5	17	5.72163904635085	NA	37.7202472352145	0.0282171433685732	0.323161675877136	0.028896	3.753	0	0	0	0	0.03	0.022	0.029	0.035	0.307	0.562	0.576	0.597	0.597	NA	NA	0.099652	NA	NA	NA	NA	NA	NA	NA	NA	Outlier	ENSG00000103365.11:chr16:23539949
chr1	108751628	108751629	0.004065	1	ENSG00000085491.11	108742547	GTEX-QEG5	17	-2.713117307018	NA	1.2880656268415	0.0201011714172545	0.22928033437057	-0.024524	2.986	0	0	0	0	0.04	0.051	0.05	0.055	0.176	0.173	0.179	0.109	0.109	NA	NA	0.065702	3	3	41.9766	NA	NA	NA	NA	NA	Outlier	ENSG00000085491.11:chr1:108751629
chr18	59849863	59849864	0.004065	1	ENSG00000197563.5	59854351	GTEX-QESD	12	-3.00208779030271	NA	5.29453314187234	0.0227984494910827	0.255003933147728	0.09991	4.836	0	0	0	0	0.01	0.115	0.114	0.14	0.188	0.185	0.192	0.149	0.149	NA	NA	0.078537	NA	NA	NA	0.001	0	0	0.002	0	Outlier	ENSG00000197563.5:chr18:59849864
chr4	21955659	21955660	0.00813	1	ENSG00000185774.10	21950422	GTEX-QESD	12	2.21491149512828	NA	0.185526697651336	0.0211569368134885	0.233095334225939	-0.496265	0.136	0	0	0	0	0.01	0.009	0	0	-0.701	-2.732	-2.672	2.45	-4.91	NA	NA	0.061782	NA	NA	NA	0	0.0014	0	0.004	0.0031	Outlier	ENSG00000185774.10:chr4:21955660
chr4	21955660	21955661	0.00813	1	ENSG00000185774.10	21950422	GTEX-QESD	12	2.21491149512828	NA	0.185526697651336	0.0211569368134885	0.233095334225939	-0.271289	0.74	0	0	0	0	0.01	0.009	0	0	-0.432	-0.683	-0.665	2.45	-2.64	NA	NA	0.061782	NA	NA	NA	0	0.0014	0	0.004	0.0031	Outlier	ENSG00000185774.10:chr4:21955661
chr16	11613389	11613390	0.004065	1	ENSG00000188897.4	11617444	GTEX-QESD	11	2.11626058775664	NA	0.219384857208321	0.0248424472758567	0.254911729066214	-0.366381	0.373	0	0	0	0	0.01	0.004	0.004	0.004	-1.068	-1.071	-1.036	0.158	-0.317	NA	NA	0.053666	NA	NA	NA	NA	NA	NA	NA	NA	Outlier	ENSG00000188897.4:chr16:11613390
chr16	11617204	11617205	0.004065	1	ENSG00000188897.4	11617444	GTEX-QESD	11	2.11626058775664	NA	0.219384857208321	0.0248424472758567	0.254911729066214	-0.115448	1.905	0	0	0	0	0.01	0.011	0	0	0.166	-0.642	-0.602	1.82	-2.95	NA	NA	0.053666	NA	NA	NA	0	0	0.0038	0	0	Outlier	ENSG00000188897.4:chr16:11617205
chr5	79869599	79869600	0.004065	1	ENSG00000189127.3	79866307	GTEX-QMRM	5	2.64627124602617	NA	0.00351785117221114	0.0222566651891452	0.226752579617736	-0.114272	1.917	1	0	0	0	0.04	0.003	0.001	0.001	-0.241	-0.292	-0.276	1.25	-0.719	NA	NA	0.126842	NA	NA	NA	NA	NA	NA	NA	NA	Outlier	ENSG00000189127.3:chr5:79869600
chr13	30881672	30881673	0.004065	1	ENSG00000102781.9	30881621	GTEX-QMRM	17	-2.03773635967356	NA	2.31598682309452	0.0430592321110487	0.580235210709136	0.554545	9.82	3	19	0	0	0.23	0.107	0.001	0.001	0.486	0.363	0.156	3.76	0.959	NA	NA	0.031325	23	33	204.7643	0	0.0072	0	0.004	0	Outlier	ENSG00000102781.9:chr13:30881673
chr1	201477957	201477958	0.004065	1	ENSG00000159176.9	201478584	GTEX-QV31	12	-2.07750466408352	NA	14.8046953845442	0.0241879057996816	0.271760397506128	0.002587	3.367	1	0	4	0	0.04	0.005	0.013	0.017	-0.505	0.541	0.615	3.1	1.93	NA	NA	0.07893	NA	NA	NA	NA	NA	NA	NA	NA	Outlier	ENSG00000159176.9:chr1:201477958
chr1	223882658	223882659	0.004065	1	ENSG00000162909.13	223889295	GTEX-QVUS	11	-2.03245589559566	NA	4.87094309076405	0.0214389758911322	0.265240350045524	0.672246	10.73	0	0	0	0	0	0.535	0.155	0.18	0.198	0.195	0.202	0.158	0.158	NA	NA	0.053666	NA	NA	NA	0	0	0	0.007	0	Outlier	ENSG00000162909.13:chr1:223882659
chr12	6809642	6809643	0.004065	1	ENSG00000139200.9	6809966	GTEX-QXCU	9	3.08118772167363	NA	0.251171350152346	0.0442811341354024	0.573851372746336	1.926135	18.48	3	8	0	0	0.24	0.935	0.014	0.098	0.255	1.291	2.131	3.11	3.11	811.6	9.12209e-31	0.167156	4	6	109.2058	NA	NA	NA	NA	NA	Outlier	ENSG00000139200.9:chr12:6809643
chr14	76618729	76618730	0.00813	1	ENSG00000089916.13	76618259	GTEX-QXCU	9	2.49091577000407	NA	7.89714202127958	0.0267495927461431	0.404788759001348	0.384682	8.36	0	19	0	0	0.11	0.015	0.001	0.001	0.455	0.059	0.094	4	0.411	NA	NA	0.091334	22	33	97.9291	0	0.0014	8e-04	0.003	0	Outlier	ENSG00000089916.13:chr14:76618730
chr1	229767612	229767613	0.004065	1	ENSG00000135801.5	229761794	GTEX-QXCU	9	2.34545950874609	NA	5.62027640510024	0.0215280722144545	0.239329479629994	0.09053	4.693	0	0	0	0	0	0.011	0.011	0.013	0.557	0.551	0.561	0.559	0.559	NA	NA	0.099652	NA	NA	NA	NA	NA	NA	NA	NA	Outlier	ENSG00000135801.5:chr1:229767613
chr20	44510058	44510059	0.004065	1	ENSG00000168612.4	44509866	GTEX-QXCU	9	2.07979728430578	NA	4.86286256606119	0.03912018017545	0.606935243436581	2.269921	21.4	3	17	0	0	0.04	0.617	0.998	0.998	-0.297	0.981	1.052	4.32	3.21	57	6.73884e-11	0.020316	37	60	354.7943	0	0	0	0.002	0	Outlier	ENSG00000168612.4:chr20:44510059
chr2	228329628	228329629	0.004065	1	ENSG00000173744.13	228336904	GTEX-QXCU	9	2.00850169220337	NA	13.0914990441841	0.0140368773206861	0.156404417442938	-0.022385	3.016	0	0	0	0	0.03	0.011	0.012	0.043	-0.62	-0.39	-0.199	4.01	-1.62	127.1	6.54407e-10	0.093361	NA	NA	NA	NA	NA	NA	NA	NA	Outlier	ENSG00000173744.13:chr2:228329629
chr2	228346376	228346377	0.004065	1	ENSG00000173744.13	228336904	GTEX-QXCU	9	2.00850169220337	NA	13.0914990441841	0.0140368773206861	0.156404417442938	0.015306	3.552	0	0	0	0	0.03	0.036	0.033	0.039	0.166	0.407	0.425	0.471	0.471	NA	NA	0.085793	NA	NA	NA	NA	NA	NA	NA	NA	Outlier	ENSG00000173744.13:chr2:228346377
chr16	21602751	21602752	0.00813	2	ENSG00000197006.9	21608539	GTEX-R3RS	7	-5.45318536231733	NA	13.0533594708694	0.0226631717377739	0.214078705034693	-0.633304	0.046	0	0	0	0	0.08	0	0	0	-1.851	-1.843	-1.776	0.418	-0.835	NA	NA	0.053666	NA	NA	NA	NA	NA	NA	NA	NA	Outlier	ENSG00000197006.9:chr16:21602752
chr4	165310007	165310008	0.00813	1	ENSG00000145416.9	165305202	GTEX-R3RS	7	2.1806035467555	NA	2.41519015164752	0.0196186714444186	0.25228718129192	0.172028	5.894	0	0	0	0	0.03	0.041	0	0	0.553	-0.159	-0.157	3.39	-0.536	NA	NA	0.061782	NA	NA	NA	0	0.0014	0	0.004	0	Outlier	ENSG00000145416.9:chr4:165310008
chr18	29590704	29590705	0.00813	1	ENSG00000101695.4	29598335	GTEX-R3RS	7	-2.01687897469318	NA	1.76381125183482	0.0200747896160693	0.238050169385776	0.06701	4.332	0	0	0	0	0	0.08	0.078	0.102	0.307	0.302	0.311	0.235	0.235	NA	NA	0.074427	NA	NA	NA	0	0	0	0.002	0	Outlier	ENSG00000101695.4:chr18:29590705
chr5	154236470	154236471	0.004065	1	ENSG00000155508.9	154237113	GTEX-R55C	14	-2.77625132347159	NA	18.7414244183323	0.0235760494143088	0.255857449939384	-0.117093	1.889	0	0	0	0	0.04	0.027	0.026	0.029	0.198	0.195	0.202	0.158	0.158	NA	NA	0.085976	NA	NA	NA	NA	NA	NA	NA	NA	Outlier	ENSG00000155508.9:chr5:154236471
chr11	103760869	103760870	0.004065	1	ENSG00000254987.1	103765999	GTEX-R55C	5	2.67216907113493	NA	0.0102965096338538	0.02993975269207	0.352250134614952	-0.119278	1.867	0	0	0	0	0.01	0.011	0.003	0.004	0.525	-0.027	-0.007	1.16	-0.0319	NA	NA	0.053666	NA	NA	NA	0	0	0.0038	0.002	0	Outlier	ENSG00000254987.1:chr11:103760870
chr11	103761538	103761539	0.004065	1	ENSG00000254987.1	103765999	GTEX-R55C	5	2.67216907113493	NA	0.0102965096338538	0.02993975269207	0.352250134614952	-0.312662	0.552	1	0	0	0	0.01	0.004	0	0	-0.777	-1.272	-1.219	2.88	-4.97	NA	NA	0.053666	1	1	68.7129	0	0	0.003	0.002	0	Outlier	ENSG00000254987.1:chr11:103761539
chr11	103761952	103761953	0.004065	1	ENSG00000254987.1	103765999	GTEX-R55C	5	2.67216907113493	NA	0.0102965096338538	0.02993975269207	0.352250134614952	0.07134	4.398	1	0	0	0	0	0.069	0	0	0.651	-0.184	-0.177	3.19	-0.897	NA	NA	0.053666	NA	NA	NA	0	0.0029	0.0461	0	0	Outlier	ENSG00000254987.1:chr11:103761953
chr11	103763386	103763387	0.004065	1	ENSG00000254987.1	103765999	GTEX-R55C	5	2.67216907113493	NA	0.0102965096338538	0.02993975269207	0.352250134614952	0.192358	6.174	0	0	0	0	0.03	0.075	0.001	0.001	0.64	0.672	0.702	2.7	1.77	NA	NA	0.074427	7	11	97.217	0	0.0029	8e-04	0.001	0	Outlier	ENSG00000254987.1:chr11:103763387
chr11	103770481	103770482	0.00813	1	ENSG00000254987.1	103765999	GTEX-R55C	5	2.67216907113493	NA	0.0102965096338538	0.02993975269207	0.352250134614952	-0.34753	0.429	0	0	0	0	0.01	0.001	0.001	0.001	0.432	0.431	0.439	0.401	0.401	NA	NA	0.074427	NA	NA	NA	0.001	0.0159	0.205	0.001	0.0419	Outlier	ENSG00000254987.1:chr11:103770482
chr1	1438549	1438550	0.004065	1	ENSG00000197785.9	1447531	GTEX-R55C	14	-2.37591215492454	NA	17.3462306742083	0.0222119243332369	0.264467653255913	0.035154	3.847	0	0	0	0	0.09	0.096	0.095	0.099	0.11	0.109	0.111	0	0	NA	NA	0.053666	NA	NA	NA	NA	NA	NA	NA	NA	Outlier	ENSG00000197785.9:chr1:1438550
chr2	35028412	35028413	0.004065	1	ENSG00000226994.3	35024917	GTEX-R55E	5	2.45856953228819	NA	0.00015826912172008	0.0116781852702645	0.0614269404735874	-0.010236	3.184	0	0	0	0	0.01	NA	NA	NA	NA	NA	NA	0	0	NA	NA	0.078537	NA	NA	NA	NA	NA	NA	NA	NA	Outlier	ENSG00000226994.3:chr2:35028413
chr2	35030210	35030211	0.00813	1	ENSG00000226994.3	35024917	GTEX-R55E	5	2.45856953228819	NA	0.00015826912172008	0.0116781852702645	0.0614269404735874	-0.255457	0.825	0	0	0	0	0.05	NA	NA	NA	NA	NA	NA	0	0	NA	NA	0.065702	NA	NA	NA	0	0	0	0.005	0	Outlier	ENSG00000226994.3:chr2:35030211
chr21	47878803	47878804	0.004065	1	ENSG00000160305.13	47878812	GTEX-R55E	19	2.26589476863269	NA	6.30313871199625	0.0583495309676265	0.664976237467439	0.310169	7.604	0	18	0	0	0.41	0.034	0.001	0	0.198	-0.102	0.006	2.32	0.265	NA	NA	0.046624	28	38	679.2003	NA	NA	NA	NA	NA	Outlier	ENSG00000160305.13:chr21:47878804
chr1	35521710	35521711	0.00813	1	ENSG00000197056.5	35525387	GTEX-R55E	19	2.01513125311961	NA	0.785808200310719	0.0355261069149576	0.441828978574647	0.89353	12.32	0	0	0	0	0.01	0.664	0.663	0.693	0.094	0.095	0.1	0	0	NA	NA	0.053666	NA	NA	NA	0	0.0072	0	0.006	0.0266	Outlier	ENSG00000197056.5:chr1:35521711
chr1	35524665	35524666	0.00813	1	ENSG00000197056.5	35525387	GTEX-R55E	19	2.01513125311961	NA	0.785808200310719	0.0355261069149576	0.441828978574647	0.281353	7.284	0	0	0	0	0.01	0.298	0.006	0.077	0.551	-0.3	-0.107	1.2	-0.927	NA	NA	0.053666	1	1	82.7948	0	0.0072	0	0.006	0.0266	Outlier	ENSG00000197056.5:chr1:35524666
chr12	108150110	108150111	0.00813	1	ENSG00000110851.7	108155049	GTEX-R55G	18	-2.57580423442946	NA	7.42722141533567	0.0245996257861237	0.276205572596869	-0.066395	2.446	0	0	0	0	0.03	0.001	0.001	0.001	-0.487	-0.057	-0.047	2.78	-0.161	NA	NA	0.099652	NA	NA	NA	NA	NA	NA	NA	NA	Outlier	ENSG00000110851.7:chr12:108150111
chr14	102206052	102206053	0.004065	1	ENSG00000258404.1	102197445	GTEX-R55G	5	2.55552280796571	NA	0.0354147562593745	0.0173130105226518	0.177920283991443	-0.357488	0.399	0	0	0	0	0.03	0	0	0	-1.129	-2.067	-1.97	1.87	-3.74	NA	NA	0.065702	NA	NA	NA	0	0	0	0.002	0	Outlier	ENSG00000258404.1:chr14:102206053
chr4	56258578	56258579	0.004065	1	ENSG00000273257.1	56254116	GTEX-R55G	16	2.12765533834005	NA	0.0388034446524424	0.0242098825953291	0.269407982465111	-0.012741	3.149	0	0	0	0	0.04	0.086	0.02	0.024	0.299	-0.489	-0.448	0.496	-0.967	NA	NA	0.078537	NA	NA	NA	NA	NA	NA	NA	NA	Outlier	ENSG00000273257.1:chr4:56258579
chr13	24453635	24453636	0.004065	1	ENSG00000027001.7	24463558	GTEX-REY6	17	2.94321977455731	NA	6.89148883233991	0.0226068720684221	0.271055760934787	-0.189176	1.26	0	0	0	0	0	0.01	0	0	-0.33	-0.665	-0.643	2.11	-2.26	NA	NA	0.106103	NA	NA	NA	0	0	0.003	0.001	0.0061	Outlier	ENSG00000027001.7:chr13:24453636
chr13	24472443	24472444	0.004065	1	ENSG00000027001.7	24463558	GTEX-REY6	17	2.94321977455731	NA	6.89148883233991	0.0226068720684221	0.271055760934787	0.168959	5.851	0	0	1	0	0.05	0.049	0.001	0.001	0.455	0.277	0.328	2.28	1.01	NA	NA	0.074678	2	2	130.8126	0	0	0.0015	0.001	0.0061	Outlier	ENSG00000027001.7:chr13:24472444
chr3	51947279	51947280	0.004065	1	ENSG00000173389.11	51937351	GTEX-RUSQ	5	3.22851367802085	NA	0.0187069343141558	0.024171696301612	0.286864092032901	0.099289	4.826	0	0	0	0	0	0	0.453	0.533	0	0	0	0	0	NA	NA	0.053666	NA	NA	NA	NA	NA	NA	NA	NA	Outlier	ENSG00000173389.11:chr3:51947280
chr2	48840159	48840160	0.00813	1	ENSG00000242441.3	48844937	GTEX-RUSQ	13	2.61269162172702	NA	0.00536044071052681	0.0235131761361253	0.333913517654254	0.516111	9.511	0	0	0	0	0	0.015	0.461	0.613	0.651	0.514	0.512	3.61	1.81	413.4	1.96499e-19	0.053666	NA	NA	NA	0	0.0014	0	0.005	0.001	Outlier	ENSG00000242441.3:chr2:48840160
chr17	4730505	4730506	0.00813	1	ENSG00000141503.11	4736683	GTEX-RUSQ	13	-2.3893096961957	NA	21.4023165619164	0.0687472253585674	0.775328785931658	-0.208771	1.118	0	0	0	0	0.07	0.001	0.001	0.001	-0.446	-0.45	-0.442	0.401	-0.716	NA	NA	0.056797	NA	NA	NA	0	0.0014	8e-04	0.001	0	Outlier	ENSG00000141503.11:chr17:4730506
chr17	4736563	4736564	0.00813	1	ENSG00000141503.11	4736683	GTEX-RUSQ	13	-2.3893096961957	NA	21.4023165619164	0.0687472253585674	0.775328785931658	2.929976	22.8	5	19	0	0	0.33	0.995	1	1	0.646	2.749	2.98	4.95	4.95	1869.6	1.01087e-211	0.031325	33	56	647.5012	NA	NA	NA	NA	NA	Outlier	ENSG00000141503.11:chr17:4736564
chr17	4737338	4737339	0.00813	1	ENSG00000141503.11	4736683	GTEX-RUSQ	13	-2.3893096961957	NA	21.4023165619164	0.0687472253585674	0.775328785931658	0.204889	6.342	1	19	0	0	0.04	0.079	0.001	0	0.455	-1.109	-0.695	4.51	-5.55	NA	NA	0.085976	6	7	60.9774	0	0	0	0.001	0	Outlier	ENSG00000141503.11:chr17:4737339
chr17	4737839	4737840	0.00813	1	ENSG00000141503.11	4736683	GTEX-RUSQ	13	-2.3893096961957	NA	21.4023165619164	0.0687472253585674	0.775328785931658	1.387222	15.4	2	19	0	0	0.01	0.363	0.854	0.919	0.651	0.626	0.789	4.49	2.49	1206.4	5.49392e-83	0.114458	5	6	46.6855	0	0	0	0.001	0	Outlier	ENSG00000141503.11:chr17:4737840
chr3	49969477	49969478	0.004065	1	ENSG00000004534.10	49977440	GTEX-RUSQ	13	-2.05346157564114	NA	36.564163107621	0.0230676616658802	0.24574036810202	-0.035467	2.839	0	0	0	0	0.03	0.166	0.163	0.197	-1.037	-1.045	-1.011	0.158	-0.317	NA	NA	0.053666	NA	NA	NA	0	0	0	0.007	0	Outlier	ENSG00000004534.10:chr3:49969478
chr11	299743	299744	0.00813	1	ENSG00000185201.12	307631	GTEX-RWS6	21	-2.16131421361173	-1.95894031145056	131.071654855159	0.0172341319567087	0.189720661374886	-0.128211	1.78	0	0	0	0	0.04	0	0	0	-1.012	-1.293	-0.914	1.61	-3.23	NA	NA	0.056797	1	1	18.3768	0	0	0	0.008	0.002	Outlier	ENSG00000185201.12:chr11:299744
chr1	146641215	146641216	0.004065	1	ENSG00000131791.6	146644129	GTEX-S32W	16	3.05634396066367	NA	5.41830599935431	0.0195987796960858	0.260237803073513	0.091613	4.709	0	0	4	0	0	0.043	0.001	0.002	-0.3	0.45	0.442	3.45	1.53	NA	NA	0.078537	NA	NA	NA	NA	NA	NA	NA	NA	Outlier	ENSG00000131791.6:chr1:146641216
chr1	146641964	146641965	0.004065	1	ENSG00000131791.6	146644129	GTEX-S32W	16	3.05634396066367	NA	5.41830599935431	0.0195987796960858	0.260237803073513	1.074647	13.56	0	0	6	0	0.04	0.798	0.024	0.058	0.478	-0.381	-0.315	3.56	-1.9	202.3	5.13917e-19	0.072985	2	2	38.3045	NA	NA	NA	NA	NA	Outlier	ENSG00000131791.6:chr1:146641965
chr21	44293113	44293114	0.004065	1	ENSG00000160194.13	44299754	GTEX-S4P3	14	-3.81309956889645	NA	4.90941097234425	0.0222383235575136	0.235547962407225	-0.118317	1.877	0	0	0	0	0.07	0.004	0	0	-0.217	-0.918	-0.914	1.65	-3.29	NA	NA	0.099652	NA	NA	NA	NA	NA	NA	NA	NA	Outlier	ENSG00000160194.13:chr21:44293114
chr16	3137121	3137122	0.004065	1	ENSG00000262370.1	3137101	GTEX-S4P3	13	3.4189031297568	NA	0.771850458656748	0.0224399950410705	0.311472678398709	0.261861	7.057	1	0	6	0	0.03	0.002	0.007	0.105	0.462	1.55	2.498	2.85	2.85	NA	NA	0.064049	2	2	68.2129	NA	NA	NA	NA	NA	Outlier	ENSG00000262370.1:chr16:3137122
chr7	63515467	63515468	0.004065	1	ENSG00000257482.3	63505821	GTEX-S4P3	13	-2.28051366180593	NA	0.0193330415222271	0.0264972456106115	0.296504095983892	-0.121066	1.849	0	0	0	0	0.01	0.006	0.007	0.008	0.33	0.34	0.363	0.364	0.364	NA	NA	0.061782	NA	NA	NA	NA	NA	NA	NA	NA	Outlier	ENSG00000257482.3:chr7:63515468
chr1	76070433	76070434	0.004065	1	ENSG00000137968.12	76076801	GTEX-S4UY	10	2.07442411378927	NA	0.617761011719459	0.0226049738537079	0.256674846763873	0.010361	3.479	0	0	0	0	0.01	0.066	0.066	0.077	0.249	0.252	0.268	0.225	0.225	NA	NA	0.053666	NA	NA	NA	NA	NA	NA	NA	NA	Outlier	ENSG00000137968.12:chr1:76070434
chr1	76085954	76085955	0.004065	1	ENSG00000137968.12	76076801	GTEX-S4UY	10	2.07442411378927	NA	0.617761011719459	0.0226049738537079	0.256674846763873	-0.476975	0.159	0	0	0	0	0.01	0.002	0.002	0.002	-0.75	-0.752	-0.719	0.225	-0.451	NA	NA	0.053666	NA	NA	NA	0	0.0029	8e-04	0	0.001	Outlier	ENSG00000137968.12:chr1:76085955
chr14	31492233	31492234	0.00813	1	ENSG00000196792.7	31495607	GTEX-S4Z8	15	6.10958159336601	NA	5.76249933661076	0.015688577341999	0.17753439307612	-0.028003	2.939	0	0	0	0	0	0.013	0	0	0.249	-1.248	-1.165	1.48	-2.97	NA	NA	0.106103	NA	NA	NA	NA	NA	NA	NA	NA	Outlier	ENSG00000196792.7:chr14:31492234
chr8	38230155	38230156	0.004065	1	ENSG00000147548.12	38239790	GTEX-S4Z8	15	-3.40274161728772	NA	10.3829268488968	0.0265395436962738	0.279735431678731	-0.298433	0.611	0	0	0	0	0.11	0.002	0.002	0.002	0.158	0.16	0.172	0.149	0.149	NA	NA	0.085793	NA	NA	NA	0	0	0	0.002	0.001	Outlier	ENSG00000147548.12:chr8:38230156
chr18	9329281	9329282	0.004065	1	ENSG00000128791.7	9334765	GTEX-S7SE	17	-2.216827316288	NA	18.4370437337641	0.0297699142289732	0.316542775816915	-0.130141	1.762	0	0	0	0	0.03	0.125	0.128	0.164	0.166	0.169	0.181	0.158	0.158	NA	NA	0.053666	NA	NA	NA	0	0	0	0.003	0	Outlier	ENSG00000128791.7:chr18:9329282
chr9	22764450	22764451	0.004065	1	ENSG00000224549.1	22767174	GTEX-S7SE	7	2.21454528011617	NA	0	0.0349350491240581	0.418780197779641	0.574026	9.973	0	0	0	0	0	0.362	0.631	0.682	0.11	0.461	0.463	0.364	0.364	NA	NA	0.074678	NA	NA	NA	NA	NA	NA	NA	NA	Outlier	ENSG00000224549.1:chr9:22764451
chr22	50953832	50953833	0.00813	2	ENSG00000100258.13	50946135	GTEX-S7SE	17	2.00979336093536	NA	20.5180271633884	0.0272157207983577	0.25988349218122	-0.690576	0.029	0	0	0	0	0.08	0.038	0.038	0.044	-1.655	-1.541	-1.402	0.109	-0.218	NA	NA	0.106103	NA	NA	NA	0	0.0014	0	0.007	0	Outlier	ENSG00000100258.13:chr22:50953833
chr4	928504	928505	0.004065	1	ENSG00000127419.12	926175	GTEX-S95S	15	3.61475405612274	2.60736845234912	9.35859126584572	0.0245690686489235	0.2927147377693	0.652698	10.58	0	0	0	0	0.01	0.723	0.001	0.001	0.402	0.218	0.211	1.58	0.662	NA	NA	0.074427	NA	NA	NA	0	0.0014	8e-04	0	0.001	Outlier	ENSG00000127419.12:chr4:928505
chr15	78207817	78207818	0.004065	1	ENSG00000261244.1	78208928	GTEX-SIU8	5	2.38991886345608	NA	0.0193267692403312	0.0265568232114897	0.312040589657643	0.073984	4.439	0	0	0	0	0.03	0	0.004	0.077	0	0.255	1.126	1.79	0.753	NA	NA	0.070891	NA	NA	NA	0	0.0014	0	0.006	0	Outlier	ENSG00000261244.1:chr15:78207818
chr22	31364670	31364671	0.004065	1	ENSG00000133422.8	31364284	GTEX-SIU8	10	2.12942148076827	NA	7.4645238508258	0.0304849134572314	0.452712287964038	0.274559	7.206	0	19	0	0	0.16	0.007	0	0	-0.154	0.314	0.211	4.33	0.967	3526.9	0	0.077175	18	21	124.7557	NA	NA	NA	NA	NA	Outlier	ENSG00000133422.8:chr22:31364671
chr11	120212231	120212232	0.004065	1	ENSG00000196914.4	120207787	GTEX-SN8G	9	-4.45893994178785	-1.45619440903355	7.35415100423913	0.0190850825667454	0.216386968796747	0.207648	6.378	0	0	9	0	0.03	0.121	0	0	0.457	-0.105	-0.073	2.26	-0.425	NA	NA	0.0944	NA	NA	NA	0	0	0.0182	0	0	Outlier	ENSG00000196914.4:chr11:120212232
chr11	76435678	76435679	0.004065	1	ENSG00000254761.1	76430652	GTEX-SN8G	5	2.23560230835176	NA	0.00409703348812304	0.0269804092568261	0.356366233207967	1.664462	16.82	0	0	0	0	0.01	0.903	0.759	0.793	0.166	0.169	0.181	0.158	0.158	NA	NA	0.065702	1	1	30.1537	NA	NA	NA	NA	NA	Outlier	ENSG00000254761.1:chr11:76435679
chr7	1603080	1603081	0.004065	1	ENSG00000164855.11	1600457	GTEX-T6MN	20	2.35582321069902	NA	0.0383984252377495	0.0217513140342244	0.225659168405572	-0.587305	0.065	0	0	0	0	0.03	0.003	0.003	0.032	-1.896	-1.914	-1.801	0.199	-0.397	NA	NA	0.056797	NA	NA	NA	NA	NA	NA	NA	NA	Outlier	ENSG00000164855.11:chr7:1603081
chr15	89085741	89085742	0.004065	1	ENSG00000140543.9	89089906	GTEX-T6MN	26	2.22162102647434	0.405188051834562	1.26932547542087	0.0589694128849279	0.710213020271474	-0.316304	0.538	0	0	5	0	0.07	0.013	0.013	0.014	-1.643	-1.66	-1.645	0	0	NA	NA	0.065712	18	18	103.5978	0	0	0	0	0.001	Outlier	ENSG00000140543.9:chr15:89085742
chr15	89089635	89089636	0.004065	1	ENSG00000140543.9	89089906	GTEX-T6MN	26	2.22162102647434	0.405188051834562	1.26932547542087	0.0589694128849279	0.710213020271474	1.606176	16.51	6	19	0	0	0.11	0.193	0.999	0.999	0.604	2.055	2.058	3.15	3.15	79.8	6.70483e-10	0.020248	18	24	574.2108	NA	NA	NA	NA	NA	Outlier	ENSG00000140543.9:chr15:89089636
chr15	89092098	89092099	0.004065	1	ENSG00000140543.9	89089906	GTEX-T6MN	26	2.22162102647434	0.405188051834562	1.26932547542087	0.0589694128849279	0.710213020271474	-0.578108	0.07	0	0	0	0	0.03	0.079	0.078	0.087	-1.789	-1.724	-1.865	0.0465	-0.093	NA	NA	0.078537	NA	NA	NA	0	0.0014	0.0121	0.002	0.001	Outlier	ENSG00000140543.9:chr15:89092099
chr16	21970896	21970897	0.00813	2	ENSG00000140740.6	21963981	GTEX-T8EM	15	-8.55555107180631	NA	97.0084747849849	0.0204020517701123	0.232684700812764	0.384975	8.362	0	0	1	0	0.01	0.167	0.166	0.216	0.255	0.259	0.275	0.235	0.235	NA	NA	0.156329	NA	NA	NA	NA	NA	NA	NA	NA	Outlier	ENSG00000140740.6:chr16:21970897
chr2	98269448	98269449	0.004065	1	ENSG00000135940.2	98262503	GTEX-T8EM	15	3.7217244240473	NA	97.8840510719701	0.0248993393911358	0.270139994090614	-0.03449	2.852	0	0	0	0	0.03	0.079	0.058	0.063	0.124	0.123	0.125	0.0465	0.0465	NA	NA	0.060736	NA	NA	NA	NA	NA	NA	NA	NA	Outlier	ENSG00000135940.2:chr2:98269449
chr9	99684717	99684718	0.004065	1	ENSG00000188152.8	99690592	GTEX-T8EM	15	3.26654234447557	NA	0.153241444411769	0.0368939466561809	0.365434876737998	-0.399468	0.291	0	0	0	0	0.04	0	0	0	0	0	0	0	0	NA	NA	0.078537	NA	NA	NA	NA	NA	NA	NA	NA	Outlier	ENSG00000188152.8:chr9:99684718
chr9	99687566	99687567	0.004065	1	ENSG00000188152.8	99690592	GTEX-T8EM	15	3.26654234447557	NA	0.153241444411769	0.0368939466561809	0.365434876737998	-0.289767	0.65	0	0	0	0	0.16	0.024	0.002	0.002	0.176	-0.675	-0.647	0.41	-0.82	NA	NA	0.078537	NA	NA	NA	NA	NA	NA	NA	NA	Outlier	ENSG00000188152.8:chr9:99687567
chr9	99689715	99689716	0.004065	1	ENSG00000188152.8	99690592	GTEX-T8EM	15	3.26654234447557	NA	0.153241444411769	0.0368939466561809	0.365434876737998	-0.375276	0.349	0	0	0	0	0.03	0.001	0	0	0.292	-0.213	-0.199	0.719	-0.616	NA	NA	0.23944	NA	NA	NA	0.2153	0.0173	0.0257	0.0099	0.0665	Outlier	ENSG00000188152.8:chr9:99689716
chr9	99691350	99691351	0.004065	1	ENSG00000188152.8	99690592	GTEX-T8EM	15	3.26654234447557	NA	0.153241444411769	0.0368939466561809	0.365434876737998	-0.298444	0.611	0	0	0	0	0	0.001	0	0	-1.539	-0.877	-0.864	1.33	-2.65	NA	NA	0.156329	NA	NA	NA	NA	NA	NA	NA	NA	Outlier	ENSG00000188152.8:chr9:99691351
chr7	22868101	22868102	0.00813	1	ENSG00000196683.6	22862470	GTEX-T8EM	15	-2.27066504788209	NA	107.569830041183	0.0212309495352944	0.249077623093541	-0.090967	2.163	0	0	0	0	0.07	0.019	0.019	0.021	0.188	0.185	0.192	0.122	0.122	NA	NA	0.065702	NA	NA	NA	0	0.0058	0.0015	0.008	0.002	Outlier	ENSG00000196683.6:chr7:22868102
chr22	50736887	50736888	0.004065	1	ENSG00000196576.10	50746056	GTEX-TKQ2	13	2.31573808293625	1.65393766785446	29.5558495103267	0.0168396392495161	0.193521322178357	-0.031116	2.897	1	0	0	0	0.03	0.005	0	0	0.307	-0.347	-0.368	1.1	-1.19	NA	NA	0.078537	2	3	57.5944	NA	NA	NA	NA	NA	Outlier	ENSG00000196576.10:chr22:50736888
chr8	67378718	67378719	0.004065	1	ENSG00000169085.7	67372238	GTEX-TMMY	17	2.77403702369885	NA	0.052823646937644	0.0202400392142656	0.271667549572164	0.24064	6.8	0	0	0	0	0.01	0.105	0.028	0.028	0.455	1.302	1.276	1.72	1.72	NA	NA	0.053666	NA	NA	NA	NA	NA	NA	NA	NA	Outlier	ENSG00000169085.7:chr8:67378719
chr12	99030074	99030075	0.004065	1	ENSG00000166130.10	99038891	GTEX-TMMY	17	2.12748097573596	NA	8.61676848980419	0.0153173416058305	0.18989652814441	0.21301	6.449	0	0	1	0	0	0.072	0	0	0.651	0.03	0.022	3.03	0.172	NA	NA	0.109065	6	6	60.5151	NA	NA	NA	NA	NA	Outlier	ENSG00000166130.10:chr12:99030075
chr17	14201938	14201939	0.004065	1	ENSG00000266709.1	14207171	GTEX-TSE9	18	2.22586720362791	NA	0.232220467931607	0.02386181194558	0.409750384752231	0.338798	7.906	0	8	0	0	0.21	0.054	0	0	0.557	-0.289	-0.302	3.27	-2.12	NA	NA	0.167156	2	2	58.7349	NA	NA	NA	NA	NA	Outlier	ENSG00000266709.1:chr17:14201939
chr17	14205411	14205412	0.004065	1	ENSG00000266709.1	14207171	GTEX-TSE9	18	2.22586720362791	NA	0.232220467931607	0.02386181194558	0.409750384752231	1.10508	13.76	1	8	0	0	0.12	0.244	0.02	0.047	0.55	1.199	1.759	3.87	2.9	NA	NA	0.167156	3	3	44.2919	NA	NA	NA	NA	NA	Outlier	ENSG00000266709.1:chr17:14205412
chr12	122227421	122227422	0.004065	1	ENSG00000272849.1	122235417	GTEX-TSE9	22	-2.15475781291288	NA	4.35242979725202	0.0170859087348793	0.201431527377186	0.041383	3.941	1	0	0	10	0.04	0.139	0	0	-0.47	-0.828	-0.735	3.43	-4.09	NA	NA	0.085793	2	2	63.3346	NA	NA	NA	NA	NA	Outlier	ENSG00000272849.1:chr12:122227422
chr14	20807339	20807340	0.004065	1	ENSG00000100814.13	20801471	GTEX-TSE9	22	2.03819217730818	NA	23.9794581647505	0.0218003799581619	0.241806313536196	-0.112333	1.937	0	0	0	0	0	0.005	0.001	0.001	0.399	0.606	0.621	0.656	0.656	NA	NA	0.065702	NA	NA	NA	NA	NA	NA	NA	NA	Outlier	ENSG00000100814.13:chr14:20807340
chr14	36003082	36003083	0.004065	1	ENSG00000168348.3	36003248	GTEX-TSE9	11	2.02172062690442	NA	0.00546828369005469	0.0295705788530181	0.418407136613088	0.557978	9.847	0	11	0	0	0.17	0.05	0	0	-0.509	-0.295	-0.185	3.08	-1.27	NA	NA	0.167156	7	11	106.9427	0	0	0	0	0.001	Outlier	ENSG00000168348.3:chr14:36003083
chr9	100001084	100001085	0.004065	1	ENSG00000197816.9	100008467	GTEX-U3ZH	18	-3.31971062668759	-0.0739535153363657	0.0807338980059221	0.0362748111292032	0.45209880480126	0.356226	8.082	0	19	0	0	0.08	0.023	0.015	0.017	0.187	0.156	0.17	1.4	0.463	NA	NA	0.095567	15	20	86.6099	0.002	0	0	0	0	Outlier	ENSG00000197816.9:chr9:100001085
chr19	53184276	53184277	0.004065	1	ENSG00000167766.14	53193749	GTEX-U3ZH	18	-3.06128880818287	-2.38006206718473	6.85023381730966	0.0336062172405554	0.36226969512784	-0.476902	0.159	0	0	0	0	0.03	0	0	0	-2.089	-2.088	-2.042	0.487	-0.974	NA	NA	0.106103	NA	NA	NA	0	0.0029	0.0477	0	0	Outlier	ENSG00000167766.14:chr19:53184277
chr19	53186841	53186842	0.004065	1	ENSG00000167766.14	53193749	GTEX-U3ZH	18	-3.06128880818287	-2.38006206718473	6.85023381730966	0.0336062172405554	0.36226969512784	-0.130276	1.76	0	0	0	0	0	0.035	0.005	0.005	0.198	0.616	0.624	0.658	0.658	NA	NA	0.099652	NA	NA	NA	0	0.0029	0.0507	0	0	Outlier	ENSG00000167766.14:chr19:53186842
chr19	53197130	53197131	0.004065	1	ENSG00000167766.14	53193749	GTEX-U3ZH	18	-3.06128880818287	-2.38006206718473	6.85023381730966	0.0336062172405554	0.36226969512784	0.282206	7.294	0	0	0	0	0.11	0.011	0.011	0.996	0.094	0.095	1.334	0	0	NA	NA	0.053666	NA	NA	NA	0	0.0086	0.0651	0	0	Outlier	ENSG00000167766.14:chr19:53197131
chr5	140247489	140247490	0.004065	1	ENSG00000249034.1	140243224	GTEX-U3ZN	5	2.32431820505439	NA	0.00925699023431854	0.0176184775400782	0.216144624505158	-0.079644	2.29	0	0	0	0	0	0.016	0	0	-0.47	-0.173	-0.335	3.52	-1.84	NA	NA	0.16322	NA	NA	NA	0	0.0029	0	0	0	Outlier	ENSG00000249034.1:chr5:140247490
chr14	92580852	92580853	0.004065	1	ENSG00000183648.5	92588261	GTEX-U3ZN	23	-2.03511326854088	-1.67207187718378	32.8522410141794	0.0619531632194802	0.659299538164867	0.195208	6.213	0	0	0	0	0	0.183	0.052	0.071	0.176	0.645	0.649	0.658	0.658	NA	NA	0.060736	NA	NA	NA	0	0.0029	0	0.004	0	Outlier	ENSG00000183648.5:chr14:92580853
chr14	92588265	92588266	0.004065	1	ENSG00000183648.5	92588261	GTEX-U3ZN	23	-2.03511326854088	-1.67207187718378	32.8522410141794	0.0619531632194802	0.659299538164867	0.662602	10.66	0	19	0	0	0.2	0.013	0	0	0.55	0.536	0.32	4.84	1.92	NA	NA	0.031325	50	99	384.9476	0	0.0072	8e-04	0.005	0.0031	Outlier	ENSG00000183648.5:chr14:92588266
chr14	92594092	92594093	0.004065	1	ENSG00000183648.5	92588261	GTEX-U3ZN	23	-2.03511326854088	-1.67207187718378	32.8522410141794	0.0619531632194802	0.659299538164867	0.023565	3.674	0	0	0	0	0.04	0.029	0.005	0.005	0.188	-0.031	-0.022	0.978	-0.045	NA	NA	0.106103	NA	NA	NA	0	0.0029	0	0.004	0.001	Outlier	ENSG00000183648.5:chr14:92594093
chr14	92595403	92595404	0.004065	1	ENSG00000183648.5	92588261	GTEX-U3ZN	23	-2.03511326854088	-1.67207187718378	32.8522410141794	0.0619531632194802	0.659299538164867	0.247656	6.886	0	0	0	0	0	0.073	0.016	0.019	0.158	0.874	0.909	1.34	1.34	NA	NA	0.093376	NA	NA	NA	0	0.0072	8e-04	0.005	0.002	Outlier	ENSG00000183648.5:chr14:92595404
chr15	62350621	62350622	0.004065	1	ENSG00000198535.5	62359176	GTEX-U8XE	13	5.25344738874035	NA	0.00804006110002663	0.0147849261489581	0.162777872782541	-0.205607	1.14	0	0	0	0	0.03	0	0	0	-1.047	-0.605	-0.579	0.93	-1.81	NA	NA	0.093361	NA	NA	NA	NA	NA	NA	NA	NA	Outlier	ENSG00000198535.5:chr15:62350622
chr4	124315913	124315914	0.004065	1	ENSG00000164056.6	124317950	GTEX-U8XE	19	-2.48727907902581	NA	1.50927628910071	0.020385039620889	0.254167334223614	0.009802	3.471	1	0	0	0	0.01	0.013	0	0.001	-0.397	0.25	0.294	3.62	1.12	508	1.09236e-19	0.053666	NA	NA	NA	NA	NA	NA	NA	NA	Outlier	ENSG00000164056.6:chr4:124315914
chr2	118842624	118842625	0.004065	1	ENSG00000125629.10	118846028	GTEX-U8XE	19	2.03654813895357	NA	19.9210369586945	0.0222670158098149	0.264071787174107	0.007792	3.442	0	0	0	0	0.03	0.04	0	0	-0.339	0.044	0.1	2.9	0.317	NA	NA	0.065702	2	2	55.5717	0	0.0014	0	0.002	0	Outlier	ENSG00000125629.10:chr2:118842625
chr10	52009500	52009501	0.004065	1	ENSG00000188611.10	52008370	GTEX-UPJH	5	-2.17234572069891	-2.17234572069891	0.0928530232539695	0.0237177024079079	0.273417726758379	-0.533094	0.101	0	0	0	0	0	0.012	0	0	-0.453	-0.261	-0.189	2.88	-1.15	NA	NA	0.065702	NA	NA	NA	NA	NA	NA	NA	NA	Outlier	ENSG00000188611.10:chr10:52009501
chr8	56679447	56679448	0.004065	1	ENSG00000137574.6	56685701	GTEX-UPJH	9	-2.14595914869793	-2.14595914869793	12.9032115016067	0.0216056411123765	0.264686123931888	0.532907	9.647	0	0	0	0	0.01	0.456	0.184	0.266	0.32	-0.889	-0.81	0.87	-1.74	NA	NA	0.078537	NA	NA	NA	0	0	0.0061	0	0	Outlier	ENSG00000137574.6:chr8:56679448
chr8	56682992	56682993	0.004065	1	ENSG00000137574.6	56685701	GTEX-UPJH	9	-2.14595914869793	-2.14595914869793	12.9032115016067	0.0216056411123765	0.264686123931888	0.057283	4.183	0	0	7	0	0.03	0.042	0.042	0.053	0.307	0.302	0.311	0.235	0.235	NA	NA	0.081562	NA	NA	NA	0	0.0014	0.0862	0	0	Outlier	ENSG00000137574.6:chr8:56682993
chr1	93633154	93633155	0.004065	1	ENSG00000117500.8	93628767	GTEX-UPJH	9	2.08974025455738	2.08974025455738	11.8731578776711	0.0304418384404799	0.341106673234009	0.081009	4.547	0	0	0	0	0	0.211	0.213	0.257	0.151	0.149	0.154	0	0	NA	NA	0.106103	NA	NA	NA	NA	NA	NA	NA	NA	Outlier	ENSG00000117500.8:chr1:93633155
chr1	93636104	93636105	0.004065	1	ENSG00000117500.8	93628767	GTEX-UPJH	9	2.08974025455738	2.08974025455738	11.8731578776711	0.0304418384404799	0.341106673234009	-0.420503	0.248	0	0	0	2	0.12	0.004	0.004	0.004	-1.629	-1.638	-1.636	0	0	NA	NA	0.099652	NA	NA	NA	0.001	0	0	0	0	Outlier	ENSG00000117500.8:chr1:93636105
chr9	130471057	130471058	0.004065	1	ENSG00000187024.9	130479122	GTEX-UPJH	7	2.00689297994225	NA	0.0257521142300807	0.0204607541111042	0.255338098502395	0.084276	4.597	1	0	0	0	0	0.009	0	0	0.557	0.251	0.263	3.06	1.02	NA	NA	0.16322	NA	NA	NA	NA	NA	NA	NA	NA	Outlier	ENSG00000187024.9:chr9:130471058
chr12	106747892	106747893	0.004065	1	ENSG00000013503.5	106751436	GTEX-UPK5	16	-2.20500893332563	-1.77749357777469	2.12894169123549	0.0204450105780808	0.246582634427667	-0.06359	2.48	0	0	0	0	0.05	0.002	0	0	-0.289	-0.173	-0.176	2.44	-0.784	NA	NA	0.05403	NA	NA	NA	0	0	8e-04	0	0	Outlier	ENSG00000013503.5:chr12:106747893
chr11	66055170	66055171	0.004065	1	ENSG00000174851.10	66056641	GTEX-W5WG	19	-5.14048523343853	-4.48150657968711	22.1125482425355	0.0144332265340526	0.168529314968277	-0.481168	0.154	1	0	17	0	0.05	0.033	0	0	-1.779	-2.843	-2.228	4.45	-8.89	1675.8	1.0332e-147	0.106103	NA	NA	NA	NA	NA	NA	NA	NA	Outlier	ENSG00000174851.10:chr11:66055171
chr12	102350147	102350148	0.004065	1	ENSG00000258308.1	102356168	GTEX-WFG7	9	3.57437003771697	0.150002039468647	0.0855123330512199	0.0239637240752859	0.269418050449537	0.043685	3.976	0	0	0	0	0.04	0.026	0.026	0.029	0.307	0.302	0.311	0.235	0.235	NA	NA	0.115049	NA	NA	NA	NA	NA	NA	NA	NA	Outlier	ENSG00000258308.1:chr12:102350148
chr16	8879197	8879198	0.004065	1	ENSG00000140650.7	8882680	GTEX-WFG7	22	-2.34551134302392	-3.10050300838202	10.7886874341128	0.0281984207777648	0.364487420139909	0.031653	3.794	0	0	0	0	0.07	0.039	0.038	0.041	0.105	0.107	0.112	0.0465	0.0465	NA	NA	0.053666	NA	NA	NA	NA	NA	NA	NA	NA	Outlier	ENSG00000140650.7:chr16:8879198
chr16	8880920	8880921	0.004065	1	ENSG00000140650.7	8882680	GTEX-WFG7	22	-2.34551134302392	-3.10050300838202	10.7886874341128	0.0281984207777648	0.364487420139909	0.795896	11.63	0	0	0	0	0.03	0.428	0.422	0.49	0.383	0.378	0.387	0.253	0.253	NA	NA	0.078537	NA	NA	NA	0	0.0159	0	0.005	0.002	Outlier	ENSG00000140650.7:chr16:8880921
chr3	156533688	156533689	0.004065	1	ENSG00000240875.1	156534851	GTEX-WFG7	22	2.26929934152875	1.94621740196292	2.02939346537255	0.0178681789680685	0.232222139518121	0.718439	11.07	0	18	0	0	0.01	0.44	0.007	0.008	0.559	0.076	0.078	3.43	0.483	NA	NA	0.095567	1	1	70.3937	NA	NA	NA	NA	NA	Outlier	ENSG00000240875.1:chr3:156533689
chr4	77130810	77130811	0.004065	1	ENSG00000138760.4	77135046	GTEX-WFJO	13	-5.09608633113647	-1.75275101083299	4.6742016212982	0.0191267777636809	0.19644727997381	-0.184991	1.292	0	0	0	0	0.08	0.001	0	0	-0.706	-1.267	-1.085	0.898	-1.8	NA	NA	0.093361	NA	NA	NA	0	0.0014	0	0.008	0	Outlier	ENSG00000138760.4:chr4:77130811
chr19	499701	499702	0.004065	1	ENSG00000141933.8	507299	GTEX-WFJO	13	-2.67360880004418	-3.99550727211435	3.13629854143712	0.0292287294513059	0.254664875785692	-0.184438	1.296	0	0	0	0	0.07	0.061	0.002	0.002	-1.284	-1.173	-1.101	0.918	-1.84	NA	NA	0.081118	1	1	46.2434	0	0	0	0.004	0	Outlier	ENSG00000141933.8:chr19:499702
chr19	502060	502061	0.004065	1	ENSG00000141933.8	507299	GTEX-WFJO	13	-2.67360880004418	-3.99550727211435	3.13629854143712	0.0292287294513059	0.254664875785692	-0.199935	1.18	0	0	0	0	0.08	0.005	0	0.012	-1.217	0.009	0.381	1.06	-0.101	NA	NA	0.065702	NA	NA	NA	0.001	0.0043	0.0091	0.001	0	Outlier	ENSG00000141933.8:chr19:502061
chr19	515776	515777	0.004065	1	ENSG00000141933.8	507299	GTEX-WFJO	13	-2.67360880004418	-3.99550727211435	3.13629854143712	0.0292287294513059	0.254664875785692	-0.085158	2.228	0	0	0	0	0.13	NA	NA	NA	NA	NA	NA	0	0	NA	NA	0.056797	NA	NA	NA	NA	NA	NA	NA	NA	Outlier	ENSG00000141933.8:chr19:515777
chr19	515806	515807	0.004065	1	ENSG00000141933.8	507299	GTEX-WFJO	13	-2.67360880004418	-3.99550727211435	3.13629854143712	0.0292287294513059	0.254664875785692	0.095887	4.774	0	0	0	0	0.15	NA	NA	NA	NA	NA	NA	0	0	NA	NA	0.056797	NA	NA	NA	NA	NA	NA	NA	NA	Outlier	ENSG00000141933.8:chr19:515807
chr19	515807	515808	0.004065	1	ENSG00000141933.8	507299	GTEX-WFJO	13	-2.67360880004418	-3.99550727211435	3.13629854143712	0.0292287294513059	0.254664875785692	0.03689	3.873	0	0	0	0	0.15	NA	NA	NA	NA	NA	NA	0	0	NA	NA	0.056797	NA	NA	NA	NA	NA	NA	NA	NA	Outlier	ENSG00000141933.8:chr19:515808
chr19	515813	515814	0.004065	1	ENSG00000141933.8	507299	GTEX-WFJO	13	-2.67360880004418	-3.99550727211435	3.13629854143712	0.0292287294513059	0.254664875785692	0.065271	4.305	0	0	0	0	0.16	NA	NA	NA	NA	NA	NA	0	0	NA	NA	0.056797	NA	NA	NA	NA	NA	NA	NA	NA	Outlier	ENSG00000141933.8:chr19:515814
chr3	148845507	148845508	0.00813	1	ENSG00000163755.4	148847371	GTEX-WFJO	13	-2.0618652001757	-3.09684141346796	9.62281475987351	0.0228550372656112	0.266135971467522	-0.039473	2.786	0	0	0	0	0	0.007	0.008	0.009	0.375	0.587	0.619	0.803	0.803	NA	NA	0.053666	NA	NA	NA	0	0	0	0.003	0	Outlier	ENSG00000163755.4:chr3:148845508
chr3	148846177	148846178	0.004065	1	ENSG00000163755.4	148847371	GTEX-WFJO	13	-2.0618652001757	-3.09684141346796	9.62281475987351	0.0228550372656112	0.266135971467522	-0.04866	2.667	0	0	0	0	0	0.087	0.002	0.002	-0.5	-0.102	-0.084	1.99	-0.569	NA	NA	0.065702	NA	NA	NA	0	0	0	0.001	0	Outlier	ENSG00000163755.4:chr3:148846178
chr12	112824257	112824258	0.004065	1	ENSG00000173064.6	112819896	GTEX-WFON	24	-6.37798127321068	-6.02305446055234	6.54059042428669	0.0203219854864856	0.307375443027994	1.744075	17.26	1	0	0	0	0.01	0.918	0.566	0.574	0.651	0.348	0.346	4.54	1.55	434.2	2.40088e-55	0.053666	NA	NA	NA	NA	NA	NA	NA	NA	Outlier	ENSG00000173064.6:chr12:112824258
chr16	1493489	1493490	0.004065	1	ENSG00000197599.8	1494557	GTEX-WK11	11	2.94789933400484	NA	0.212746225983689	0.0302659284932442	0.333837642009543	-0.232969	0.958	0	0	0	0	0.11	0.001	0.001	0	-0.506	-0.173	-0.128	2.16	-0.38	NA	NA	0.078537	NA	NA	NA	NA	NA	NA	NA	NA	Outlier	ENSG00000197599.8:chr16:1493490
chr11	8190654	8190655	0.004065	1	ENSG00000166405.10	8190602	GTEX-WK11	10	2.37215311332369	NA	0.953543229649465	0.0374332138739841	0.53164064190448	1.67664	16.88	0	14	0	0	0.33	0.595	0.601	0.074	0.424	0.43	0.001	4.62	0.00661	NA	NA	0.167156	13	24	179.7517	0.001	0.0029	0	0.007	0.001	Outlier	ENSG00000166405.10:chr11:8190655
chr1	20207983	20207984	0.004065	1	ENSG00000169914.5	20209006	GTEX-WL46	20	3.43933690412299	NA	3.75112932606747	0.0158847970126148	0.20825850480336	-0.528696	0.104	0	0	0	0	0.07	0.025	0.025	0.028	-1.524	-1.504	-1.446	0.131	-0.261	NA	NA	0.053666	NA	NA	NA	0	0	0	0	0.001	Outlier	ENSG00000169914.5:chr1:20207984
chr4	122692866	122692867	0.004065	1	ENSG00000226757.1	122685740	GTEX-WL46	6	2.43301802627969	NA	0.00209028010763097	0.0158825637629967	0.188984091381119	-0.237076	0.933	0	0	0	0	0.03	0.024	0	0	-0.332	-1.411	-1.21	2.37	-4.73	NA	NA	0.065702	NA	NA	NA	0	0.0014	0	0.001	0	Outlier	ENSG00000226757.1:chr4:122692867
chr9	116837870	116837871	0.004065	1	ENSG00000106927.7	116840752	GTEX-WWYW	18	2.57194847255059	NA	0.161538599018138	0.0193556526263368	0.2241805170443	0.01998	3.621	0	0	1	0	0.01	0.004	0	0	0.457	-0.085	-0.089	3.16	-0.5	NA	NA	0.074427	NA	NA	NA	0.0645	0	0	0.001	0.0031	Outlier	ENSG00000106927.7:chr9:116837871
chr13	53599579	53599580	0.004065	1	ENSG00000102837.6	53602894	GTEX-WWYW	18	2.1350136919459	NA	0.0525368572163739	0.0284143346471125	0.350349414656983	-0.319952	0.524	0	0	0	0	0	0.013	0	0	-0.321	-0.248	-0.176	3.97	-1.61	NA	NA	0.053666	NA	NA	NA	0.004	0	8e-04	0	0.0102	Outlier	ENSG00000102837.6:chr13:53599580
chr13	53604069	53604070	0.00813	1	ENSG00000102837.6	53602894	GTEX-WWYW	18	2.1350136919459	NA	0.0525368572163739	0.0284143346471125	0.350349414656983	0.125614	5.223	1	0	0	0	0.01	0.002	0.001	0.001	0.651	0.911	0.905	3.25	2.38	NA	NA	0.074427	NA	NA	NA	0.001	0.049	8e-04	0.007	0.0061	Outlier	ENSG00000102837.6:chr13:53604070
chr17	40950786	40950787	0.004065	1	ENSG00000183978.7	40950722	GTEX-WY7C	13	-7.45688294581478	NA	20.6558965214512	0.096059915084636	0.840076170337878	1.96966	18.82	6	19	0	0	0.24	0.528	0.975	0.998	0.53	1.011	1.318	5.28	4.18	50.5	4.19569e-07	0.031325	52	107	481.3966	NA	NA	NA	NA	NA	Outlier	ENSG00000183978.7:chr17:40950787
chr14	95051018	95051019	0.004065	1	ENSG00000188488.9	95045043	GTEX-WY7C	13	2.38543106017581	NA	0.0390454706033332	0.0212391381595412	0.258220262130528	0.08245	4.569	0	0	0	0	0	0.057	0.001	0.001	0.457	0.323	0.327	1.86	0.909	NA	NA	0.053666	NA	NA	NA	0	0.0029	8e-04	0.001	0	Outlier	ENSG00000188488.9:chr14:95051019
chr1	76189503	76189504	0.004065	1	ENSG00000117054.9	76190036	GTEX-WY7C	13	-2.02197446921109	NA	58.7233494541101	0.0204684459340373	0.272264489451516	0.26135	7.051	1	12	0	0	0.01	0.088	0.003	0.003	0.457	0.348	0.346	1.89	0.931	NA	NA	0.085976	1	1	38.8375	NA	NA	NA	NA	NA	Outlier	ENSG00000117054.9:chr1:76189504
chr6	13574861	13574862	0.004065	1	ENSG00000124523.10	13574816	GTEX-WYJK	12	3.74938639592059	NA	4.53803608710306	0.16877379832376	0.931167374557457	0.578853	10.02	1	18	0	0	0.19	0.067	0.001	0.001	0.509	0.982	1.024	1.29	1.29	NA	NA	0.046624	30	38	322.7759	NA	NA	NA	NA	NA	Outlier	ENSG00000124523.10:chr6:13574862
chr7	56125846	56125847	0.004065	1	ENSG00000146731.6	56119323	GTEX-WYJK	12	3.00577865608862	NA	100.940274456091	0.0181407793711775	0.217541102386084	-0.122151	1.839	0	0	0	0	0.05	0.002	0	0	-1.549	-0.715	-0.733	3.32	-2.14	NA	NA	0.156329	NA	NA	NA	NA	NA	NA	NA	NA	Outlier	ENSG00000146731.6:chr7:56125847
chr19	53601293	53601294	0.004065	1	ENSG00000170949.13	53606689	GTEX-WZTO	27	-2.9957953486734	-3.48841002994453	9.84679840322126	0.0266382075436186	0.293212534313058	-0.279602	0.698	0	0	7	0	0.03	0.018	0	0	-0.24	-0.562	-0.56	1.54	-2.1	NA	NA	0.099652	NA	NA	NA	NA	NA	NA	NA	NA	Outlier	ENSG00000170949.13:chr19:53601294
chr19	53614797	53614798	0.004065	1	ENSG00000170949.13	53606689	GTEX-WZTO	27	-2.9957953486734	-3.48841002994453	9.84679840322126	0.0266382075436186	0.293212534313058	-0.049326	2.658	0	0	0	0	0.01	0.009	0.009	0.01	0.425	0.425	0.432	0.361	0.361	NA	NA	0.088604	NA	NA	NA	NA	NA	NA	NA	NA	Outlier	ENSG00000170949.13:chr19:53614798
chr8	86285022	86285023	0.004065	1	ENSG00000133742.9	86291243	GTEX-X261	16	3.21625824364976	NA	0.0156596491967017	0.0250109898892458	0.270513030531641	0.022748	3.662	0	0	1	0	0.04	0	0	0	0.557	0.551	0.561	0.559	0.559	NA	NA	0.078537	NA	NA	NA	NA	NA	NA	NA	NA	Outlier	ENSG00000133742.9:chr8:86285023
chr4	145057695	145057696	0.004065	1	ENSG00000170180.15	145061904	GTEX-X261	6	2.9606829989093	NA	0.00157322523617104	0.0348264020008759	0.391768645908716	-0.509103	0.122	2	0	0	0	0.03	0.001	0	0	-1.828	-2.714	-2.437	2.61	-5.21	NA	NA	0.074678	NA	NA	NA	NA	NA	NA	NA	NA	Outlier	ENSG00000170180.15:chr4:145057696
chr4	145068252	145068253	0.004065	1	ENSG00000170180.15	145061904	GTEX-X261	6	2.9606829989093	NA	0.00157322523617104	0.0348264020008759	0.391768645908716	0.633959	10.44	0	0	0	0	0.01	0.451	0.451	0.484	0.094	0.095	0.1	0	0	NA	NA	0.061782	NA	NA	NA	NA	NA	NA	NA	NA	Outlier	ENSG00000170180.15:chr4:145068253
chr4	145070750	145070751	0.004065	1	ENSG00000170180.15	145061904	GTEX-X261	6	2.9606829989093	NA	0.00157322523617104	0.0348264020008759	0.391768645908716	0.270168	7.155	0	0	0	0	0	0.217	0.217	0.236	0.094	0.095	0.1	0	0	NA	NA	0.061782	NA	NA	NA	NA	NA	NA	NA	NA	Outlier	ENSG00000170180.15:chr4:145070751
chr11	104969864	104969865	0.00813	1	ENSG00000255221.2	104971506	GTEX-X4EO	5	2.15379500759395	NA	0.133273665744223	0.0216646589972954	0.214872756336347	-0.374594	0.351	0	0	0	0	0.01	0.001	0	0	-0.86	-1.394	-1.266	1.5	-3	NA	NA	0.074678	NA	NA	NA	0	0.0043	0	0.002	0	Outlier	ENSG00000255221.2:chr11:104969865
chr3	194983273	194983274	0.004065	1	ENSG00000173950.11	194991896	GTEX-X4XX	16	3.80549091697332	NA	1.6877270466403	0.022630135649549	0.297322762880092	0.438017	8.849	0	0	0	0	0.01	0.092	0.163	0.213	0.37	1.364	1.42	2.41	2.41	NA	NA	0.088604	NA	NA	NA	0	0	0	0.001	0.0153	Outlier	ENSG00000173950.11:chr3:194983274
chr3	194983583	194983584	0.004065	1	ENSG00000173950.11	194991896	GTEX-X4XX	16	3.80549091697332	NA	1.6877270466403	0.022630135649549	0.297322762880092	0.089083	4.67	0	0	0	0	0.01	0.12	0.098	0.175	0.645	0.307	0.304	2.99	1.16	NA	NA	0.106103	NA	NA	NA	0	0	0	0.001	0	Outlier	ENSG00000173950.11:chr3:194983584
chr7	112117523	112117524	0.004065	1	ENSG00000181016.5	112121073	GTEX-X4XX	16	2.21509338812409	NA	0.421039059888898	0.0241017368636361	0.263315921794032	-0.036717	2.822	0	0	0	0	0.03	0.037	0.022	0.034	0.299	-0.461	-0.416	0.554	-1.06	NA	NA	0.069498	NA	NA	NA	NA	NA	NA	NA	NA	Outlier	ENSG00000181016.5:chr7:112117524
chr19	39386058	39386059	0.004065	1	ENSG00000068903.15	39390502	GTEX-X4XX	16	-2.08769337461153	NA	9.67474398278354	0.0291011976562247	0.347242000080249	-0.073753	2.359	0	0	0	0	0.01	0.005	0.002	0.002	-0.323	0.318	0.3	1.78	0.676	NA	NA	0.16322	NA	NA	NA	NA	NA	NA	NA	NA	Outlier	ENSG00000068903.15:chr19:39386059
chr19	39396538	39396539	0.004065	1	ENSG00000068903.15	39390502	GTEX-X4XX	16	-2.08769337461153	NA	9.67474398278354	0.0291011976562247	0.347242000080249	0.288697	7.367	0	0	0	0	0.01	0.142	0.007	0.008	0.559	1.791	1.803	2.68	2.68	NA	NA	0.099652	NA	NA	NA	0	0.0058	0.0015	0.005	0.0092	Outlier	ENSG00000068903.15:chr19:39396539
chr10	14998452	14998453	0.004065	1	ENSG00000197889.5	15001438	GTEX-X4XX	14	2.03583942075255	NA	0.0990646787134832	0.0216301083739665	0.24368119714305	-0.579758	0.069	0	0	0	0	0.03	0.008	0.008	0.009	-0.847	-0.841	-0.802	0.235	-0.47	NA	NA	0.053666	NA	NA	NA	NA	NA	NA	NA	NA	Outlier	ENSG00000197889.5:chr10:14998453
chr3	51415708	51415709	0.00813	1	ENSG00000145050.11	51422478	GTEX-X4XY	13	-2.29634241363257	NA	36.6534798354433	0.0187932839064405	0.227440918392019	0.086567	4.632	0	0	0	0	0.05	0.03	0	0	0.398	-0.034	-0.012	3.52	-0.263	NA	NA	0.078537	NA	NA	NA	0	0.0058	0.0015	0.0099	0	Outlier	ENSG00000145050.11:chr3:51415709
chr16	14920301	14920302	0.00813	2	ENSG00000103512.10	14927538	GTEX-X62O	5	-4.16720342219892	NA	11.304257284131	0.0250910003029999	0.246715216812297	-0.708232	0.026	0	0	0	0	0.05	0.001	0.001	0.001	-2.019	-1.88	-1.697	0	0	NA	NA	0.053666	NA	NA	NA	NA	NA	NA	NA	NA	Outlier	ENSG00000103512.10:chr16:14920302
chr16	15158804	15158805	0.004065	1	ENSG00000157045.4	15149921	GTEX-X62O	5	4.03083659010618	NA	26.5423930653355	0.0236725679806457	0.257599397327773	-0.343162	0.443	0	0	0	0	0.15	0.035	0.026	0.028	-1.683	-1.651	-1.622	0.0465	-0.093	NA	NA	0.099652	NA	NA	NA	NA	NA	NA	NA	NA	Outlier	ENSG00000157045.4:chr16:15158805
chr22	38798544	38798545	0.004065	1	ENSG00000213923.6	38794527	GTEX-X62O	5	-3.04550826328613	NA	15.3775192436419	0.0224023832337599	0.21900055784942	-0.846724	0.01	0	0	0	0	0.09	0.001	0	0	-3.417	-3.307	-3.182	0.158	-0.317	NA	NA	0.09168	NA	NA	NA	NA	NA	NA	NA	NA	Outlier	ENSG00000213923.6:chr22:38798545
chr1	109931727	109931728	0.004065	1	ENSG00000134243.7	109940573	GTEX-X62O	5	2.00730820560608	NA	1.58196141152528	0.0300965108101581	0.404461204306856	0.362442	8.144	1	0	0	0	0.03	0.002	0.001	0.002	0.455	0.536	0.605	3.14	1.96	NA	NA	0.060736	14	14	90.9937	NA	NA	NA	NA	NA	Outlier	ENSG00000134243.7:chr1:109931728
chr1	109940882	109940883	0.004065	1	ENSG00000134243.7	109940573	GTEX-X62O	5	2.00730820560608	NA	1.58196141152528	0.0300965108101581	0.404461204306856	0.35641	8.084	1	19	0	0	0.15	0.003	0	0	-0.264	-0.55	-0.141	3.81	-1.12	NA	NA	0.167156	18	22	328.2897	NA	NA	NA	NA	NA	Outlier	ENSG00000134243.7:chr1:109940883
chr5	150224629	150224630	0.004065	1	ENSG00000237693.4	150226085	GTEX-X8HC	5	9.41950125747679	NA	0.246909040704435	0.0227255625933033	0.244010032623835	-0.367984	0.369	0	0	0	0	0.03	0.008	0.009	0.012	-1.467	-1.417	-1.32	0.559	-0.861	NA	NA	0.061782	2	2	59.2898	NA	NA	NA	NA	NA	Outlier	ENSG00000237693.4:chr5:150224630
chr11	920253	920254	0.004065	1	ENSG00000183020.9	924894	GTEX-X8HC	12	2.81087841712948	NA	7.99497270584107	0.0253750583423394	0.296846378059854	0.040894	3.934	0	0	0	0	0.08	0.019	0.011	0.012	0.188	0.457	0.457	0.426	0.426	NA	NA	0.056797	NA	NA	NA	0	0	0	0.007	0	Outlier	ENSG00000183020.9:chr11:920254
chr5	296951	296952	0.004065	1	ENSG00000063438.12	304291	GTEX-XBED	24	3.31769523470056	0.202258524414774	16.8823871277926	0.0265611538323386	0.294115913166976	0.173692	5.918	0	0	0	0	0.08	0.169	0.167	0.187	0.11	0.109	0.111	0	0	NA	NA	0.115049	NA	NA	NA	NA	NA	NA	NA	NA	Outlier	ENSG00000063438.12:chr5:296952
chr5	301601	301602	0.00813	1	ENSG00000063438.12	304291	GTEX-XBED	24	3.31769523470056	0.202258524414774	16.8823871277926	0.0265611538323386	0.294115913166976	-0.055281	2.583	0	0	0	0	0.01	0.059	0.006	0.007	0.235	-0.09	-0.069	0.898	-0.323	NA	NA	0.099652	NA	NA	NA	NA	NA	NA	NA	NA	Outlier	ENSG00000063438.12:chr5:301602
chr17	26217673	26217674	0.004065	1	ENSG00000232859.5	26220409	GTEX-XGQ4	21	-2.14338130288407	-0.176062082206447	3.05530418847737	0.0142303888835422	0.145944736712316	-0.394196	0.303	0	0	2	0	0.03	0.002	0	0	-2.372	-1.806	-1.66	3.41	-6.82	NA	NA	0.078537	NA	NA	NA	NA	NA	NA	NA	NA	Outlier	ENSG00000232859.5:chr17:26217674
chr5	149727448	149727449	0.004065	1	ENSG00000070814.13	149737202	GTEX-XMK1	17	-2.33461813547284	-3.01308257106054	18.2334043435883	0.0197097799812692	0.208460160578361	-0.106739	1.994	0	0	0	0	0.01	0.003	0.001	0.001	-0.375	-0.322	-0.328	2.19	-1.21	NA	NA	0.053666	NA	NA	NA	0	0.0029	0.0651	0.001	0	Outlier	ENSG00000070814.13:chr5:149727449
chr5	149727525	149727526	0.004065	1	ENSG00000070814.13	149737202	GTEX-XMK1	17	-2.33461813547284	-3.01308257106054	18.2334043435883	0.0197097799812692	0.208460160578361	-0.068488	2.421	0	0	0	0	0.05	0.008	0.001	0.001	-0.375	0.016	0.047	2.66	0.101	NA	NA	0.053666	NA	NA	NA	0	0.0029	0.0514	0.001	0	Outlier	ENSG00000070814.13:chr5:149727526
chr5	149729265	149729266	0.004065	1	ENSG00000070814.13	149737202	GTEX-XMK1	17	-2.33461813547284	-3.01308257106054	18.2334043435883	0.0197097799812692	0.208460160578361	-0.11195	1.941	0	0	0	0	0.03	0.021	0	0	-0.385	-0.674	-0.605	3.43	-3.04	NA	NA	0.053666	NA	NA	NA	0	0.0029	0.0484	0.001	0	Outlier	ENSG00000070814.13:chr5:149729266
chr5	149730073	149730074	0.004065	1	ENSG00000070814.13	149737202	GTEX-XMK1	17	-2.33461813547284	-3.01308257106054	18.2334043435883	0.0197097799812692	0.208460160578361	-0.019933	3.049	0	0	11	0	0.01	0.006	0	0	-0.376	-0.3	-0.249	3.66	-1.78	NA	NA	0.048334	10	10	58.0238	0	0.0043	0.0643	0.001	0	Outlier	ENSG00000070814.13:chr5:149730074
chr5	149738267	149738268	0.004065	1	ENSG00000070814.13	149737202	GTEX-XMK1	17	-2.33461813547284	-3.01308257106054	18.2334043435883	0.0197097799812692	0.208460160578361	-0.19591	1.21	0	0	0	16	0.07	0.006	0.006	0.006	-1.137	-1.142	-1.101	0.15	-0.299	NA	NA	0.077756	1	1	29.5756	0	0.0043	0.0567	0.001	0	Outlier	ENSG00000070814.13:chr5:149738268
chr5	149739543	149739544	0.004065	1	ENSG00000070814.13	149737202	GTEX-XMK1	17	-2.33461813547284	-3.01308257106054	18.2334043435883	0.0197097799812692	0.208460160578361	0.225096	6.604	0	0	0	0	0.03	0.072	0.011	0.016	0.395	0.431	0.425	3.49	1.61	NA	NA	0.090897	NA	NA	NA	0	0.0043	0.0567	0.001	0	Outlier	ENSG00000070814.13:chr5:149739544
chr5	149739788	149739789	0.004065	1	ENSG00000070814.13	149737202	GTEX-XMK1	17	-2.33461813547284	-3.01308257106054	18.2334043435883	0.0197097799812692	0.208460160578361	0.425006	8.733	0	0	4	0	0.07	0.26	0.027	0.028	0.325	0.003	0.031	2.59	-0.0208	NA	NA	0.090897	NA	NA	NA	0	0.0029	0.0461	0.001	0	Outlier	ENSG00000070814.13:chr5:149739789
chr5	149746123	149746124	0.004065	1	ENSG00000070814.13	149737202	GTEX-XMK1	17	-2.33461813547284	-3.01308257106054	18.2334043435883	0.0197097799812692	0.208460160578361	0.362585	8.146	1	0	0	0	0	0.308	0	0	0.457	-0.551	-0.485	3.07	-2.78	NA	NA	0.099652	NA	NA	NA	0	0.0043	0.0567	0.001	0	Outlier	ENSG00000070814.13:chr5:149746124
chr5	149746798	149746799	0.004065	1	ENSG00000070814.13	149737202	GTEX-XMK1	17	-2.33461813547284	-3.01308257106054	18.2334043435883	0.0197097799812692	0.208460160578361	0.154859	5.651	0	0	0	0	0.05	0.099	0.1	0.113	0.198	0.195	0.202	0.158	0.158	NA	NA	0.099652	NA	NA	NA	0	0.0043	0.0567	0.001	0	Outlier	ENSG00000070814.13:chr5:149746799
chr20	44985294	44985295	0.00813	1	ENSG00000080189.10	44993043	GTEX-XOT4	10	2.83680276017671	NA	16.7999917080528	0.025744727855226	0.33334931730088	0.288162	7.361	0	0	11	0	0.07	0.041	0.012	0.011	0.557	1.94	1.92	2.89	2.89	NA	NA	0.257208	NA	NA	NA	0	0	0	0.001	0.0133	Outlier	ENSG00000080189.10:chr20:44985295
chr5	176977564	176977565	0.00813	2	ENSG00000272459.1	176981825	GTEX-XOT4	10	2.74302722452268	NA	0.179024716300008	0.0224672736543211	0.242031824785396	0.017898	3.59	0	0	0	0	0.01	0.019	0.011	0.094	-1.386	-0.4	-0.149	4.46	-1.3	279.7	1.6094e-19	0.164107	NA	NA	NA	0.001	0	0	0.002	0.0153	Outlier	ENSG00000272459.1:chr5:176977565
chr20	42880286	42880287	0.004065	1	ENSG00000124194.11	42875887	GTEX-XOT4	6	2.13442748428686	NA	0.0255215316316472	0.0186793963249302	0.198713659652003	-0.218324	1.053	0	0	0	0	0.04	0	0	0	-1.236	-0.769	-0.743	3.03	-3.47	NA	NA	0.053666	NA	NA	NA	0	0	8e-04	0	0	Outlier	ENSG00000124194.11:chr20:42880287
chr13	36781260	36781261	0.00813	1	ENSG00000120669.11	36788752	GTEX-XPT6	9	2.36313502697311	NA	0.00694506960561532	0.0191847156449713	0.220529048318285	-0.278629	0.703	0	0	0	0	0	0.008	0.01	0.013	0.37	-0.077	-0.038	2.38	-0.523	NA	NA	0.053666	NA	NA	NA	0	0	0	0.005	0	Outlier	ENSG00000120669.11:chr13:36781261
chr4	88385786	88385787	0.004065	1	ENSG00000272856.1	88383432	GTEX-XPT6	7	2.04895692052252	NA	0.00411540804136741	0.0241046041865918	0.281709870845768	-0.503099	0.128	0	0	0	0	0.05	0.002	0.004	0.006	-1.843	-1.862	-1.821	0.235	-0.47	NA	NA	0.078537	NA	NA	NA	0	0	0.0053	0	0	Outlier	ENSG00000272856.1:chr4:88385787
chr4	88389519	88389520	0.004065	1	ENSG00000272856.1	88383432	GTEX-XPT6	7	2.04895692052252	NA	0.00411540804136741	0.0241046041865918	0.281709870845768	0.037402	3.881	1	0	0	0	0	0.032	0.001	0.001	-0.15	0.14	0.141	3.67	0.849	NA	NA	0.053666	NA	NA	NA	0	0.0014	0	0	0	Outlier	ENSG00000272856.1:chr4:88389520
chr7	6752953	6752954	0.004065	1	ENSG00000164631.14	6746554	GTEX-XQ3S	18	4.75502539489121	4.97536712274043	10.1175610433545	0.0210938343832617	0.248220022269327	-0.001334	3.311	0	0	0	0	0.04	0.003	0.001	0.001	0.249	0.65	0.698	0.895	0.895	NA	NA	0.053666	NA	NA	NA	NA	NA	NA	NA	NA	Outlier	ENSG00000164631.14:chr7:6752954
chr7	6687513	6687514	0.004065	1	ENSG00000260054.1	6694495	GTEX-XQ3S	18	3.66467653144328	3.9659703970958	17.8139619994582	0.0399964007657526	0.52585325186459	0.020596	3.63	1	0	0	0	0.05	0.005	0	0	0.651	-0.362	-0.335	1.71	-1.2	NA	NA	0.069498	NA	NA	NA	0	0	0.0061	0.001	0	Outlier	ENSG00000260054.1:chr7:6687514
chr7	6687897	6687898	0.004065	1	ENSG00000260054.1	6694495	GTEX-XQ3S	18	3.66467653144328	3.9659703970958	17.8139619994582	0.0399964007657526	0.52585325186459	-0.28629	0.666	4	0	0	0	0.03	0	0	0	-1.004	-1.765	-1.91	1.92	-3.85	NA	NA	0.069498	NA	NA	NA	NA	NA	NA	NA	NA	Outlier	ENSG00000260054.1:chr7:6687898
chr7	6689113	6689114	0.004065	1	ENSG00000260054.1	6694495	GTEX-XQ3S	18	3.66467653144328	3.9659703970958	17.8139619994582	0.0399964007657526	0.52585325186459	0.069222	4.366	0	0	0	0	0.05	0.015	0	0	0.557	0.1	-0.021	2.97	-0.398	NA	NA	0.062364	NA	NA	NA	0.001	0.0086	0.0015	0.007	0.0215	Outlier	ENSG00000260054.1:chr7:6689114
chr7	6692136	6692137	0.004065	1	ENSG00000260054.1	6694495	GTEX-XQ3S	18	3.66467653144328	3.9659703970958	17.8139619994582	0.0399964007657526	0.52585325186459	0.044464	3.988	0	0	0	0	0.21	0.017	0.004	0.001	0.55	0.96	0.584	4.44	2.45	4332.6	0	0.257208	NA	NA	NA	0	0.0043	0	0.002	0	Outlier	ENSG00000260054.1:chr7:6692137
chr7	6699473	6699474	0.004065	1	ENSG00000260054.1	6694495	GTEX-XQ3S	18	3.66467653144328	3.9659703970958	17.8139619994582	0.0399964007657526	0.52585325186459	-0.325673	0.503	0	0	6	0	0.08	0.003	0	0	-0.471	-0.486	-0.441	1.05	-1.06	NA	NA	0.119763	2	2	34.3962	0	0	0	0.001	0	Outlier	ENSG00000260054.1:chr7:6699474
chr7	6702469	6702470	0.004065	1	ENSG00000260054.1	6694495	GTEX-XQ3S	18	3.66467653144328	3.9659703970958	17.8139619994582	0.0399964007657526	0.52585325186459	1.368528	15.3	0	0	0	0	0.04	0.752	0.751	0.805	0.166	0.169	0.181	0.158	0.158	NA	NA	0.056797	NA	NA	NA	NA	NA	NA	NA	NA	Outlier	ENSG00000260054.1:chr7:6702470
chr15	34633485	34633486	0.00813	1	ENSG00000182117.4	34635378	GTEX-XQ3S	18	-2.80773995682213	-2.20261796288234	130.941687868353	0.0224547521381207	0.266033842591748	0.184051	6.061	0	0	3	0	0	0.034	0.003	0.004	-0.385	-0.071	-0.044	2.16	-0.23	NA	NA	0.106103	NA	NA	NA	NA	NA	NA	NA	NA	Outlier	ENSG00000182117.4:chr15:34633486
chr15	34633486	34633487	0.00813	1	ENSG00000182117.4	34635378	GTEX-XQ3S	18	-2.80773995682213	-2.20261796288234	130.941687868353	0.0224547521381207	0.266033842591748	0.194423	6.202	0	0	3	0	0	0.04	0.003	0.004	0.651	0.098	0.099	2.3	0.37	NA	NA	0.106103	NA	NA	NA	NA	NA	NA	NA	NA	Outlier	ENSG00000182117.4:chr15:34633487
chr7	6649338	6649339	0.004065	1	ENSG00000236609.3	6655248	GTEX-XQ3S	18	2.48706860750679	0.738275040234262	0.19021468390629	0.0268790263012303	0.305531607999893	-0.015794	3.107	0	0	0	0	0.03	0.104	0.005	0.006	0.228	0.877	0.91	1.31	1.31	NA	NA	0.088604	NA	NA	NA	NA	NA	NA	NA	NA	Outlier	ENSG00000236609.3:chr7:6649339
chr9	127627143	127627144	0.00813	1	ENSG00000136942.10	127624240	GTEX-XUJ4	27	2.81492006390042	1.46383856940829	994.260324578536	0.0222417748150677	0.22728566450527	-0.511129	0.12	0	0	0	0	0.05	0.01	0.01	0.01	-1.959	-1.965	-1.949	0	0	NA	NA	0.062364	NA	NA	NA	0	0.0072	0	0.007	0.0082	Outlier	ENSG00000136942.10:chr9:127627144
chr19	42371279	42371280	0.004065	1	ENSG00000105372.2	42363988	GTEX-XUJ4	27	2.44366094713854	2.13982975380641	405.696799562689	0.0272087467904603	0.291467539442532	-0.033784	2.861	0	0	4	0	0.03	0.047	0.046	0.054	0.299	0.294	0.303	0.225	0.225	NA	NA	0.115049	NA	NA	NA	NA	NA	NA	NA	NA	Outlier	ENSG00000105372.2:chr19:42371280
chr19	18677875	18677876	0.004065	1	ENSG00000221983.3	18682540	GTEX-XUJ4	27	2.40837924375291	1.61869104860383	192.445421854655	0.0248314896087113	0.273180497666402	-0.184386	1.296	0	0	0	0	0.03	0.001	0	0	0.457	-0.546	-0.292	2.06	-2.72	NA	NA	0.257208	NA	NA	NA	NA	NA	NA	NA	NA	Outlier	ENSG00000221983.3:chr19:18677876
chr11	62348166	62348167	0.004065	1	ENSG00000254772.5	62342401	GTEX-XUJ4	27	2.15646633967972	1.1565270638262	665.728341353567	0.0219663277200823	0.231138150514105	-0.295394	0.625	0	0	0	0	0.04	0.005	0.001	0.001	-0.706	-1.031	-0.999	0.659	-1.32	NA	NA	0.099652	NA	NA	NA	0	0	0	0.005	0.001	Outlier	ENSG00000254772.5:chr11:62348167
chr13	96321810	96321811	0.004065	1	ENSG00000102580.10	96329393	GTEX-XV7Q	24	-2.75718624443936	NA	12.9154150778787	0.0273497491471611	0.30448079783899	-0.093859	2.131	0	0	0	0	0.01	0.032	0.032	0.039	0.188	0.185	0.192	0.149	0.149	NA	NA	0.053666	NA	NA	NA	0.001	0	0	0	0	Outlier	ENSG00000102580.10:chr13:96321811
chr1	45813749	45813750	0.004065	1	ENSG00000132781.13	45804328	GTEX-XV7Q	24	2.40431117351586	NA	7.86041863968498	0.0200174613551722	0.267136207519907	0.542836	9.726	0	0	8	0	0.03	0.115	0.079	0.311	0.581	1.163	1.833	4.37	3.45	NA	NA	0.094092	NA	NA	NA	0	0.0043	0	0.003	0.001	Outlier	ENSG00000132781.13:chr1:45813750
chr2	70533021	70533022	0.004065	1	ENSG00000035141.3	70529222	GTEX-XV7Q	24	-2.14511315763087	NA	26.1181795053315	0.022387722393324	0.285441819796184	0.384271	8.356	1	0	0	0	0.01	0.235	0.161	0.228	0.375	-0.048	-0.006	1.94	-0.167	NA	NA	0.053666	NA	NA	NA	0	0.0029	0	0.004	0.001	Outlier	ENSG00000035141.3:chr2:70533022
chr11	67988786	67988787	0.004065	1	ENSG00000110066.10	67981295	GTEX-XV7Q	24	-2.11588494574679	NA	4.59440942605336	0.0214483099129622	0.245905371097513	-0.2515	0.847	0	0	0	0	0.05	0.032	0.032	0.036	0.188	0.185	0.192	0.149	0.149	NA	NA	0.053666	NA	NA	NA	0	0.0029	0	0.002	0.001	Outlier	ENSG00000110066.10:chr11:67988787
chr2	75424198	75424199	0.004065	1	ENSG00000115353.6	75426826	GTEX-XV7Q	22	2.08894780943773	NA	0.213331981950129	0.02288881889291	0.240464894479399	-0.210305	1.107	1	0	0	0	0	0.045	0	0	-0.278	-0.167	-0.104	4.33	-1.05	NA	NA	0.093361	NA	NA	NA	NA	NA	NA	NA	NA	Outlier	ENSG00000115353.6:chr2:75424199
chr19	13244381	13244382	0.004065	1	ENSG00000266897.1	13242385	GTEX-XV7Q	7	2.06110470539519	NA	0.271429968213564	0.0269182862727919	0.308066545502649	0.394088	8.449	0	0	3	0	0	0.301	0.034	0.048	0.243	0.44	0.459	0.492	0.492	NA	NA	0.106103	NA	NA	NA	NA	NA	NA	NA	NA	Outlier	ENSG00000266897.1:chr19:13244382
chr6	88185588	88185589	0.004065	1	ENSG00000164414.12	88180341	GTEX-XV7Q	24	2.01221003207408	NA	8.56953262027941	0.0179022533896916	0.229743023014485	0.464288	9.078	0	0	0	0	0	0.606	0.022	0.048	-0.235	-0.325	-0.309	2.92	-1.26	NA	NA	0.093361	NA	NA	NA	NA	NA	NA	NA	NA	Outlier	ENSG00000164414.12:chr6:88185589
chr17	20805286	20805287	0.004065	1	ENSG00000205212.3	20799453	GTEX-XXEK	10	4.12393194593699	NA	0.0112490361687123	0.0234157581283444	0.278149701083384	0.229579	6.661	0	0	0	0	0.03	0.019	0.018	0.994	0	0	-0.137	0	0	NA	NA	0.094092	NA	NA	NA	0	0.0014	0	0.003	0.0051	Outlier	ENSG00000205212.3:chr17:20805287
