Chrom	Start	Stop	MAF	Genotype	Gene	TSS	Id	N.tissues	Z	Z.LCL	LCL.RPKM	pZgivenG	pZgivenGE	CADD.Raw	CADD.Phred	TFBS	Promoter	Enhancer	Dyadic	CpG	priPhCons	mamPhCons	verPhCons	priPhyloP	mamPhyloP	verPhyloP	GerpN	GerpS	GerpRS	GerpRSpval	fitCons	TFBS.CADD	TFBSPeaks.CADD	TFBSPeaksMax.CADD	EAS	AMR	AFR	EUR	SAS	Type	Var.Id
chr11	75059039	75059040	0.00813	1	ENSG00000137486.12	75062873	GTEX-RUSQ	13	-0.494282385654854	NA	1.65803168838223	0.0144902187359033	0.00277189090983761	0.515277	9.504	0	0	16	0	0.01	0.295	0.001	0.001	0.462	0.09	0.079	3.39	0.357	NA	NA	0.12562	5	5	42.6676	NA	NA	NA	NA	NA	Control	ENSG00000137486.12:chr11:75059040
chr17	1391505	1391506	0.00813	1	ENSG00000197879.10	1396106	GTEX-WL46	20	0.494942980644966	NA	27.5511331474572	0.0453493914795903	0.0179383757395463	1.229397	14.53	0	16	0	0	0.32	0.511	0.437	0.22	0.178	0.164	0.164	2.56	0.461	197	6.97473e-10	0.167156	26	39	258.6812	0	0	0	0.001	0	Control	ENSG00000197879.10:chr17:1391506
chr17	1397142	1397143	0.004065	1	ENSG00000197879.10	1396106	GTEX-WWYW	18	-0.296964445203545	NA	27.5511331474572	0.0169200538477884	0.00344708913488152	0.198373	6.255	1	0	11	0	0.09	0.005	0.006	0.001	-0.534	-0.32	-0.498	4.21	-2.88	NA	NA	0.056797	NA	NA	NA	0	0	0	0.003	0.001	Control	ENSG00000197879.10:chr17:1397143
chr3	197189025	197189026	0.004065	1	ENSG00000237167.1	197185276	GTEX-XUJ4	6	-0.325104914428235	NA	0.00579275636884727	0.0196266320276802	0.00316714228075731	-0.271552	0.738	0	0	0	0	0.03	0.001	0	0	-0.775	-1.071	-1.049	0.605	-1.21	NA	NA	0.053666	NA	NA	NA	NA	NA	NA	NA	NA	Control	ENSG00000237167.1:chr3:197189026
chr9	19110081	19110082	0.004065	1	ENSG00000147874.6	19103117	GTEX-P4PP	19	0.242792260236296	NA	6.81876152021843	0.0209036346480637	0.00382735771006343	0.051103	4.089	0	0	0	0	0.03	0.012	0.013	0.014	0.411	0.411	0.417	0.343	0.343	NA	NA	0.078537	NA	NA	NA	0	0.0029	0	0.008	0.001	Control	ENSG00000147874.6:chr9:19110082
chr19	9940859	9940860	0.004065	1	ENSG00000267289.1	9945689	GTEX-P4PQ	10	0.00886960448219101	NA	0.0774409858869356	0.0251899032917664	0.00452441273150888	0.004127	3.389	0	0	1	0	0.01	0.003	0	0	-0.434	-0.036	-0.006	3.52	0.0399	NA	NA	0.069498	NA	NA	NA	NA	NA	NA	NA	NA	Control	ENSG00000267289.1:chr19:9940860
chr19	9951030	9951031	0.004065	1	ENSG00000267289.1	9945689	GTEX-QV31	10	-0.254842666388868	NA	0.0774409858869356	0.0263989516382382	0.00506281874493735	0.039415	3.911	0	0	0	0	0.08	0.025	0.024	0.027	0.299	0.294	0.303	0.225	0.225	NA	NA	0.099652	NA	NA	NA	NA	NA	NA	NA	NA	Control	ENSG00000267289.1:chr19:9951031
chr1	149670101	149670102	0.004065	1	ENSG00000223759.2	149672997	GTEX-QVUS	11	0.0597655426224427	NA	0.233733582620819	0.0360602971199327	0.00946685285701476	1.021434	13.21	0	0	0	0	0.12	0.233	0.895	0.939	0.33	0.699	0.736	0.995	0.995	NA	NA	0.093361	NA	NA	NA	NA	NA	NA	NA	NA	Control	ENSG00000223759.2:chr1:149670102
chr5	64780645	64780646	0.004065	1	ENSG00000049192.10	64777747	GTEX-OOBK	13	0.293279039613675	NA	0.83249824371581	0.0280300625650361	0.00556099251504214	0.140254	5.439	0	0	0	0	0.08	0.119	0.118	0.124	0.11	0.109	0.111	0	0	NA	NA	0.078537	NA	NA	NA	0	0	0	0.001	0	Control	ENSG00000049192.10:chr5:64780646
chr11	46640833	46640834	0.004065	1	ENSG00000175224.12	46638826	GTEX-WL46	20	0.312846510943225	NA	9.47401540321216	0.0236767339023341	0.00536516298419138	0.52542	9.587	2	0	0	0	0	0.319	0.015	0.02	0.415	1.461	1.548	2.72	2.72	NA	NA	0.093361	NA	NA	NA	NA	NA	NA	NA	NA	Control	ENSG00000175224.12:chr11:46640834
chr6	43014394	43014395	0.004065	1	ENSG00000044090.4	43021683	GTEX-R55C	14	0.293296874709664	NA	11.5598744634996	0.0250705532043367	0.00491132802842749	0.128116	5.26	0	0	0	0	0.05	0.044	0.032	0.028	-0.144	-0.05	-0.075	4.25	-0.162	NA	NA	0.257208	NA	NA	NA	NA	NA	NA	NA	NA	Control	ENSG00000044090.4:chr6:43014395
chr6	169782583	169782584	0.004065	1	ENSG00000226194.1	169788480	GTEX-S4Z8	13	-0.293618109372942	NA	0.00126779198303427	0.0274897168260582	0.00539570232148247	-0.559833	0.081	0	0	0	0	0.01	0.003	0	0	-0.771	-1.02	-0.983	1.16	-2.32	NA	NA	0.053666	NA	NA	NA	0	0.0014	0.003	0.001	0	Control	ENSG00000226194.1:chr6:169782584
chr6	169788832	169788833	0.004065	1	ENSG00000226194.1	169788480	GTEX-P4PQ	12	0.0190238573642495	NA	0.00126779198303427	0.0243382902969385	0.00443833207382948	-0.14282	1.644	0	0	0	3	0.05	0.016	0	0	-0.49	-0.743	-0.695	1.51	-2.11	NA	NA	0.061782	NA	NA	NA	NA	NA	NA	NA	NA	Control	ENSG00000226194.1:chr6:169788833
chr10	81579979	81579980	0.004065	1	ENSG00000225484.2	81585538	GTEX-WY7C	13	0.396016782333374	NA	3.53811189270856	0.0237272614391936	0.00412131877189656	-0.026242	2.963	0	0	0	0	0	0	0.134	0.157	0	0	0	0	0	NA	NA	0.099652	NA	NA	NA	NA	NA	NA	NA	NA	Control	ENSG00000225484.2:chr10:81579980
chr10	81582727	81582728	0.004065	1	ENSG00000225484.2	81585538	GTEX-XOT4	10	0.137225822794665	NA	3.53811189270856	0.023768108595492	0.00405672470389011	0.042171	3.953	0	0	0	0	0	0	0.046	0.063	0	0.342	0.364	0	0	NA	NA	0.078537	NA	NA	NA	NA	NA	NA	NA	NA	Control	ENSG00000225484.2:chr10:81582728
chr10	96826094	96826095	0.004065	1	ENSG00000138115.9	96829254	GTEX-P44H	16	0.0701098149054426	NA	0.183955076624427	0.0256918587566609	0.00464539327689873	-0.196682	1.204	0	0	0	0	0	0.004	0	0	-0.422	-0.174	-0.138	2.85	-0.753	NA	NA	0.061782	NA	NA	NA	0	0	0	0.001	0	Control	ENSG00000138115.9:chr10:96826095
chr1	160114859	160114860	0.00813	1	ENSG00000132681.12	160121360	GTEX-POYW	6	-0.259603757920585	NA	0.0367826079917059	0.0182879005041813	0.00307317127895127	0.040278	3.924	1	0	1	0	0	0.002	0	0	-0.247	-0.31	-0.297	2.81	-1.28	NA	NA	0.060736	NA	NA	NA	0	0.0043	8e-04	0.007	0	Control	ENSG00000132681.12:chr1:160114860
chr1	160116571	160116572	0.00813	1	ENSG00000132681.12	160121360	GTEX-P4QR	5	-0.20059137473541	NA	0.0367826079917059	0.0241343339795014	0.00484338475830588	-0.111889	1.941	0	0	0	0	0.03	0.01	0.01	0.012	0.329	0.334	0.356	0.324	0.324	NA	NA	0.039481	NA	NA	NA	NA	NA	NA	NA	NA	Control	ENSG00000132681.12:chr1:160116572
chr1	36013322	36013323	0.004065	1	ENSG00000142687.13	36023014	GTEX-T6MN	26	0.0572370374792699	1.29689288069102	9.60510833639848	0.0246688253869749	0.00491876976647903	0.156786	5.678	0	0	0	0	0.01	0.005	0.008	0.011	0.53	1.098	1.166	1.86	1.86	NA	NA	0.106103	NA	NA	NA	0	0.0014	8e-04	0.004	0.001	Control	ENSG00000142687.13:chr1:36013323
chr19	458736	458737	0.008475	1	ENSG00000129946.6	460996	GTEX-X4EO	14	0.449739106903477	NA	0.0524902145067851	0.0282950203651405	0.00588420794849297	0.034723	3.841	0	0	0	0	0.21	0.001	0	0	0.415	-0.014	0.419	2.68	-1.25	NA	NA	0.056797	NA	NA	NA	NA	NA	NA	NA	NA	Control	ENSG00000129946.6:chr19:458737
chr19	459800	459801	0.004065	1	ENSG00000129946.6	460996	GTEX-XXEK	21	0.433854094737026	NA	0.0524902145067851	0.0339638864163171	0.00741763294523397	0.097923	4.805	0	16	0	0	0.13	0	0	0	-0.402	-0.319	-0.274	1.52	-0.048	NA	NA	0.167156	2	6	342.9986	NA	NA	NA	NA	NA	Control	ENSG00000129946.6:chr19:459801
chr17	15594300	15594301	0.008197	1	ENSG00000187607.11	15602891	GTEX-P4QR	7	-0.0896682670699182	NA	1.81596302045019	0.0262434882477216	0.00598217293505071	0.828248	11.86	0	0	0	0	0.01	0.463	0.72	0.78	-0.818	-0.234	-0.206	0.715	-0.67	NA	NA	0.061782	NA	NA	NA	NA	NA	NA	NA	NA	Control	ENSG00000187607.11:chr17:15594301
chr4	103677252	103677253	0.004065	1	ENSG00000109323.4	103682151	GTEX-P44H	16	0.032380083203084	NA	13.5754029039751	0.0219523411010744	0.00375586853497265	0.010022	3.475	0	0	0	0	0	0.054	0.053	0.063	0.176	0.173	0.179	0.109	0.109	NA	NA	0.053666	NA	NA	NA	NA	NA	NA	NA	NA	Control	ENSG00000109323.4:chr4:103677253
chr4	103689060	103689061	0.004065	1	ENSG00000109323.4	103682151	GTEX-OXRN	11	-0.18581332121497	NA	13.5754029039751	0.0232483368351921	0.00374587957208733	-0.463213	0.178	0	0	0	0	0.04	0.006	0.006	0.007	-1.171	-1.182	-1.155	0.109	-0.218	NA	NA	0.053666	NA	NA	NA	NA	NA	NA	NA	NA	Control	ENSG00000109323.4:chr4:103689061
chr19	9938763	9938764	0.004065	1	ENSG00000198258.6	9938568	GTEX-T6MN	26	0.174155116784261	-1.17057567797808	167.257063480846	0.0272680933401041	0.00833270450422774	0.244346	6.845	0	19	0	0	0.16	0.001	0	0	-0.324	-0.801	-0.729	2.72	-3.93	NA	NA	0.091334	18	24	775.5669	NA	NA	NA	NA	NA	Control	ENSG00000198258.6:chr19:9938764
chr14	100445388	100445389	0.004065	1	ENSG00000196405.8	100437786	GTEX-V955	19	0.362349297358785	0.566054452695003	33.5561311286792	0.0230727416675217	0.0048300661267808	0.226275	6.619	1	0	0	0	0.01	0.041	0.056	0.076	0.393	1.108	1.153	1.85	1.85	68.8	2.61632e-07	0.053666	NA	NA	NA	0	0	0	0.006	0	Control	ENSG00000196405.8:chr14:100445389
chr3	9879226	9879227	0.00813	1	ENSG00000156990.10	9886286	GTEX-P44H	16	0.174777369337196	NA	12.3973037903769	0.0247406374077847	0.00463452404432413	-0.047742	2.678	0	0	0	0	0.03	0.061	0.067	0.247	-0.58	-0.587	-0.593	0	0	NA	NA	0.047798	NA	NA	NA	NA	NA	NA	NA	NA	Control	ENSG00000156990.10:chr3:9879227
chr3	9888554	9888555	0.00813	1	ENSG00000156990.10	9886286	GTEX-PWN1	15	0.0853436772943686	NA	12.3973037903769	0.0283717220301754	0.00565070663607021	-0.040982	2.766	0	0	0	0	0.04	0.062	0.061	0.073	0.241	0.244	0.26	0.137	0.137	NA	NA	0.053666	NA	NA	NA	0	0.0014	0.0015	0.002	0.0112	Control	ENSG00000156990.10:chr3:9888555
chr3	9895454	9895455	0.004065	1	ENSG00000156990.10	9886286	GTEX-S4P3	14	0.48632442997287	NA	12.3973037903769	0.0263663262216405	0.00512717538782694	-0.345344	0.436	0	0	0	0	0.05	0	0	0	0	0	0	0	0	NA	NA	0.065702	NA	NA	NA	0	0	0	0.001	0	Control	ENSG00000156990.10:chr3:9895455
chr18	12375473	12375474	0.004065	1	ENSG00000141385.5	12377313	GTEX-QVUS	11	0.189277089890384	NA	29.2026295076337	0.0222551100369021	0.00369082375693541	0.034328	3.835	0	0	13	0	0.03	0.017	0.017	0.019	0.188	0.185	0.192	0.149	0.149	NA	NA	0.093361	NA	NA	NA	NA	NA	NA	NA	NA	Control	ENSG00000141385.5:chr18:12375474
chr9	139857040	139857041	0.00813	1	ENSG00000198454.2	139863695	GTEX-OOBK	7	0.0470401598703348	NA	0.00657488528246942	0.0180694887801087	0.00389587225576593	0.07576	4.466	0	0	3	0	0.01	0.048	0.001	0.001	0.255	-0.34	-0.311	0.563	-0.63	NA	NA	0.056797	NA	NA	NA	0	0	0	0.001	0	Control	ENSG00000198454.2:chr9:139857041
chr7	66150234	66150235	0.004065	1	ENSG00000154710.11	66147151	GTEX-SIU8	10	0.197489547272583	NA	1.89680498838425	0.0249715054694152	0.00418949192369053	-0.005277	3.254	0	0	0	0	0.04	0.027	0.027	0.029	0.175	0.172	0.178	0.11	0.11	NA	NA	0.086494	NA	NA	NA	NA	NA	NA	NA	NA	Control	ENSG00000154710.11:chr7:66150235
chr3	122095326	122095327	0.004065	1	ENSG00000114023.11	122103023	GTEX-Q2AI	13	0.265357325729602	NA	38.1748024789911	0.0213144975462304	0.00379186396185501	-0.039999	2.779	0	0	0	0	0.01	0.055	0.055	0.061	0.187	0.183	0.189	0.118	0.118	NA	NA	0.106103	NA	NA	NA	NA	NA	NA	NA	NA	Control	ENSG00000114023.11:chr3:122095327
chr4	128707699	128707700	0.004065	1	ENSG00000164070.7	128702976	GTEX-WFON	24	0.329577089384806	0.492629331425426	4.45919491951926	0.0250478125321296	0.00519535038589818	0.479371	9.206	0	0	0	0	0	0.278	0.246	0.315	0.249	0.252	0.268	0.225	0.225	NA	NA	0.12562	NA	NA	NA	0	0.0014	0	0.002	0.002	Control	ENSG00000164070.7:chr4:128707700
chr11	284142	284143	0.004065	1	ENSG00000142102.11	289138	GTEX-POYW	8	-0.0476276055396305	NA	23.4726287272939	0.0229675761498885	0.00445821209600851	0.172276	5.898	1	0	2	0	0.05	0.037	0.003	0.001	0.198	0.47	-0.01	2.23	1.25	NA	NA	0.081118	3	4	55.7205	NA	NA	NA	NA	NA	Control	ENSG00000142102.11:chr11:284143
chr22	45396435	45396436	0.004065	1	ENSG00000056487.11	45405880	GTEX-P4PQ	12	-0.0344105160736529	NA	0.0367786777471274	0.0203380757177912	0.0050488572216327	0.774718	11.48	1	0	0	0	0.04	0.311	0.104	0.97	0.455	0.124	0.252	4.2	0.678	140.4	3.74877e-20	0.115049	NA	NA	NA	NA	NA	NA	NA	NA	Control	ENSG00000056487.11:chr22:45396436
chr22	45397255	45397256	0.004065	1	ENSG00000056487.11	45405880	GTEX-WHPG	11	-0.187431541429348	NA	0.0367786777471274	0.0216583236281804	0.00381172822603622	0.021347	3.641	0	0	0	0	0.05	0.012	0.001	0.001	0.546	-0.103	-0.107	2.63	-0.809	NA	NA	0.120812	NA	NA	NA	0	0.0086	0.149	0	0.001	Control	ENSG00000056487.11:chr22:45397256
chr22	45401126	45401127	0.004065	1	ENSG00000056487.11	45405880	GTEX-WHPG	11	-0.187431541429348	NA	0.0367786777471274	0.0216583236281804	0.00381172822603622	0.328018	7.794	0	0	0	0	0	0.173	0.003	0.111	-0.331	-0.136	0.132	3.07	-0.457	NA	NA	0.065702	NA	NA	NA	0	0.0086	0.1558	0	0.001	Control	ENSG00000056487.11:chr22:45401127
chr22	45410697	45410698	0.004065	1	ENSG00000056487.11	45405880	GTEX-WZTO	23	0.30993797511484	NA	0.0367786777471274	0.0192125407376278	0.0035506133496198	0.029832	3.767	1	0	0	0	0.03	0.002	0	0	0.402	-0.489	-0.476	1.23	-2.11	NA	NA	0.158673	2	2	136.6114	NA	NA	NA	NA	NA	Control	ENSG00000056487.11:chr22:45410698
chr8	10383580	10383581	0.004065	1	ENSG00000184647.6	10383056	GTEX-UTHO	7	-0.198151136324935	NA	0.00500860464097442	0.0224173176820548	0.0041191333733046	-0.00368	3.277	1	0	0	0	0.01	0.003	0	0	0.581	-0.318	-0.32	2.37	-1.2	NA	NA	0.053666	NA	NA	NA	NA	NA	NA	NA	NA	Control	ENSG00000184647.6:chr8:10383581
chr20	44645618	44645619	0.00813	1	ENSG00000100985.7	44637547	GTEX-OIZH	17	0.317655862550198	NA	6.73544984167082	0.0201240013794038	0.00402875933885605	0.005587	3.41	0	0	0	0	0.07	0.072	0.072	0.074	0	0	0	0	0	NA	NA	0.053666	NA	NA	NA	NA	NA	NA	NA	NA	Control	ENSG00000100985.7:chr20:44645619
chr9	216481	216482	0.00813	1	ENSG00000107099.11	220748	GTEX-O5YW	10	0.017807816606086	NA	18.5979558334016	0.028447833312123	0.00592283503246437	1.011205	13.14	0	0	2	0	0.01	0.5	0.492	0.567	0.249	0.252	0.268	0.225	0.225	NA	NA	0.095567	NA	NA	NA	0.0268	0.0014	0	0.002	0.0102	Control	ENSG00000107099.11:chr9:216482
chr9	219962	219963	0.004065	1	ENSG00000107099.11	220748	GTEX-N7MT	15	-0.115055706791356	NA	18.5979558334016	0.0219941392195134	0.0045922919873577	0.059254	4.213	0	0	0	3	0.01	0.044	0.003	0.004	0.457	0.452	0.485	2.62	1.49	NA	NA	0.077714	1	1	45.9326	0	0.0014	0	0.007	0	Control	ENSG00000107099.11:chr9:219963
chr11	18058426	18058427	0.004065	1	ENSG00000129167.5	18063973	GTEX-WY7C	13	0.360012710110704	NA	0.192059322930219	0.022875891744099	0.00426115441089055	-0.122684	1.834	0	0	0	0	0.01	0.003	0.001	0.001	0.651	0.368	0.356	3.15	1.26	NA	NA	0.053666	NA	NA	NA	NA	NA	NA	NA	NA	Control	ENSG00000129167.5:chr11:18058427
chr12	130527037	130527038	0.004065	1	ENSG00000214039.4	130529602	GTEX-QVUS	5	0.018126108493318	NA	0.000570101446978617	0.0333892682627319	0.00822134078023967	0.09095	4.699	0	0	0	0	0.28	0.003	0	0	0.406	-0.296	-0.257	1	-0.766	NA	NA	0.167156	6	12	298.3309	NA	NA	NA	NA	NA	Control	ENSG00000214039.4:chr12:130527038
chr6	133065671	133065672	0.00813	1	ENSG00000093134.9	133055904	GTEX-QV31	12	-0.119248529063509	NA	0.084919350466838	0.0160261281069435	0.00291796282237782	-0.099141	2.074	0	0	0	0	0.01	0.021	0.003	0.021	-0.255	-0.488	-0.289	3.57	-1.96	NA	NA	0.074678	NA	NA	NA	0	0	0	0.005	0.002	Control	ENSG00000093134.9:chr6:133065672
chr11	59634328	59634329	0.00813	1	ENSG00000134827.3	59634048	GTEX-SN8G	8	-0.446933529822084	NA	0.0164079054079035	0.0230265777145257	0.00474046163365781	0.069466	4.37	1	0	0	0	0.01	0.133	0	0	0.455	0.011	0.01	2.45	-0.0762	NA	NA	0.061782	NA	NA	NA	0	0.0014	0	0	0	Control	ENSG00000134827.3:chr11:59634329
chr4	2847260	2847261	0.004065	1	ENSG00000087274.12	2845584	GTEX-PWCY	18	-0.0400391712835021	NA	44.574164792111	0.0283984223558399	0.00634432306733098	0.133675	5.342	0	0	0	13	0.04	0.057	0.009	0.046	-0.37	0.05	0.253	3.08	1.27	NA	NA	0.093361	21	23	328.5481	NA	NA	NA	NA	NA	Control	ENSG00000087274.12:chr4:2847261
chr5	90605096	90605097	0.00813	1	ENSG00000248323.1	90610219	GTEX-RM2N	16	0.22944670526152	NA	0.061078087071349	0.0205315620242626	0.00385335834282098	0.166342	5.814	0	0	0	0	0	0.255	0.007	0.008	0.124	-0.299	-0.265	0.933	-0.974	NA	NA	0.053666	NA	NA	NA	0	0.0014	0	0.003	0	Control	ENSG00000248323.1:chr5:90605097
chr17	61916811	61916812	0.004065	1	ENSG00000108604.11	61920425	GTEX-T8EM	15	0.412461019013979	NA	36.3388075912208	0.0152235393156059	0.00282261083607595	-0.026247	2.963	0	0	0	18	0	0.021	0	0	0.486	-0.006	-0.162	4.43	-1.38	205.9	2.65074e-11	0.225594	5	8	51.6203	NA	NA	NA	NA	NA	Control	ENSG00000108604.11:chr17:61916812
chr7	155084000	155084001	0.004065	1	ENSG00000273117.1	155089251	GTEX-OXRO	7	-0.223384889936148	NA	2.79379265507062	0.0188534408071079	0.00321437969845196	-0.120202	1.858	0	0	0	0	0.08	0.01	0.01	0.011	0.178	0.175	0.182	0.113	0.113	NA	NA	0.074427	NA	NA	NA	0.0992	0.0173	0.118	0.008	0.0204	Control	ENSG00000273117.1:chr7:155084001
chr11	89867427	89867428	0.004065	1	ENSG00000077616.6	89864683	GTEX-QV44	18	0.136611066417143	NA	0.382470593052475	0.0190181869560941	0.00324304155543201	-0.229127	0.983	0	9	0	0	0.08	0.001	0	0	-0.386	-1.445	-1.294	1.88	-3.75	NA	NA	0.167156	2	2	34.9001	NA	NA	NA	NA	NA	Control	ENSG00000077616.6:chr11:89867428
chr5	149795291	149795292	0.004202	1	ENSG00000019582.10	149792492	GTEX-T6MO	18	0.0674828003822379	0.94652091394665	1876.26876242119	0.0224921846610668	0.00404234486020043	-0.497553	0.134	0	0	0	0	0.05	0.044	0.002	0.003	-1.133	-0.13	-0.099	0.902	-0.719	NA	NA	0.078537	NA	NA	NA	NA	NA	NA	NA	NA	Control	ENSG00000019582.10:chr5:149795292
chr7	56012344	56012345	0.00813	1	ENSG00000146729.5	56019486	GTEX-PWOO	17	-0.0583573838418452	NA	20.9941043937415	0.0203891430726803	0.00334187054348043	-0.236874	0.934	0	0	0	0	0.01	0.001	0	0.001	-1.339	-0.342	-0.387	2.53	-1.88	88.5	9.67562e-09	0.078537	NA	NA	NA	NA	NA	NA	NA	NA	Control	ENSG00000146729.5:chr7:56012345
chr7	56014018	56014019	0.004065	1	ENSG00000146729.5	56019486	GTEX-RWS6	21	0.227351522664868	-0.88658068387987	20.9941043937415	0.027384846781556	0.0058021014204316	0.383948	8.353	0	0	0	0	0	0.345	0.009	0.005	0.374	-0.139	0.008	2	-0.586	94.7	3.0936e-09	0.078537	NA	NA	NA	NA	NA	NA	NA	NA	Control	ENSG00000146729.5:chr7:56014019
chr3	128585821	128585822	0.004065	1	ENSG00000261159.1	128579369	GTEX-PSDG	16	-0.134216845603974	NA	0.715146280057205	0.0271082085011933	0.00624256632698683	1.275043	14.8	0	0	1	0	0.03	0.572	0.566	0.626	0.307	0.302	0.311	0.235	0.235	NA	NA	0.078537	1	1	25.4963	NA	NA	NA	NA	NA	Control	ENSG00000261159.1:chr3:128585822
chr1	16010051	16010052	0.004065	1	ENSG00000271742.1	16009623	GTEX-REY6	6	-0.0872692975798621	NA	0.135238880324259	0.0355640673312218	0.00941310686348815	0.98668	12.97	0	0	12	0	0.03	0.314	0.064	1	0.164	0.162	2.474	0.932	0.932	NA	NA	0.114458	1	1	107.0621	NA	NA	NA	NA	NA	Control	ENSG00000271742.1:chr1:16010052
chr1	185119041	185119042	0.004065	1	ENSG00000116668.8	185126212	GTEX-PSDG	16	-0.345343606000977	NA	1.52939049036879	0.0231898338834211	0.00509945930607295	0.330876	7.824	0	0	0	0	0	0.003	0.042	0.05	0.651	1.808	2.087	3.25	3.25	NA	NA	0.088604	NA	NA	NA	NA	NA	NA	NA	NA	Control	ENSG00000116668.8:chr1:185119042
chr1	185135528	185135529	0.004065	1	ENSG00000116668.8	185126212	GTEX-WK11	11	-0.143038073372466	NA	1.52939049036879	0.0205685604462614	0.00439308787322141	0.22305	6.578	0	0	0	0	0.01	0.041	0.031	0.047	0.553	0.902	0.907	3.2	2.28	NA	NA	0.056797	1	1	70.0332	0	0	0	0.002	0	Control	ENSG00000116668.8:chr1:185135529
chr17	39539003	39539004	0.004065	1	ENSG00000131737.5	39538655	GTEX-W5WG	6	-0.179198180657166	NA	0.0130505814429438	0.0302965135407422	0.00753817289196757	0.382955	8.343	0	0	0	0	0.04	0.004	0.005	0.006	0.53	2.188	2.287	4.38	4.38	NA	NA	0.053666	1	1	61.908	NA	NA	NA	NA	NA	Control	ENSG00000131737.5:chr17:39539004
chr15	51632300	51632301	0.004065	1	ENSG00000137869.9	51630807	GTEX-QXCU	9	-0.103799557762922	NA	0.0292713075177744	0.0223047149312254	0.00460049272578796	0.711218	11.02	0	0	0	0	0	0.283	0.283	0.375	0.299	0.294	0.303	0.225	0.225	NA	NA	0.065702	NA	NA	NA	0	0.0058	0	0.001	0	Control	ENSG00000137869.9:chr15:51632301
chr9	89657115	89657116	0.004065	1	ENSG00000269994.1	89657041	GTEX-REY6	15	0.0823016879446039	NA	0.00691528544810257	0.0294536867061339	0.00603277320569583	0.118842	5.121	0	0	0	0	0.13	0.054	0.054	0.055	0.076	0.074	0.075	0	0	NA	NA	0.060736	2	3	35.4215	NA	NA	NA	NA	NA	Control	ENSG00000269994.1:chr9:89657116
chr11	93476889	93476890	0.004065	1	ENSG00000182919.10	93475129	GTEX-REY6	17	0.183004371403836	NA	5.52331299321693	0.0280157276470404	0.00619413824329334	0.379916	8.314	0	0	11	0	0.07	0.104	0.338	0.36	0.255	0.949	0.97	1.46	1.46	NA	NA	0.257208	1	1	16.805	NA	NA	NA	NA	NA	Control	ENSG00000182919.10:chr11:93476890
chr22	17702425	17702426	0.004065	1	ENSG00000093072.11	17702879	GTEX-X4XX	16	0.369836550078097	NA	11.1334961067166	0.0213430107264233	0.00386063922266821	-0.142879	1.644	0	0	5	0	0.03	0.01	0.005	0.007	-0.591	-0.766	-0.678	1.8	-2.64	NA	NA	0.057495	NA	NA	NA	0	0	8e-04	0.003	0	Control	ENSG00000093072.11:chr22:17702426
chr22	17709298	17709299	0.004065	1	ENSG00000093072.11	17702879	GTEX-PVOW	14	-0.3438583200175	NA	11.1334961067166	0.0282084237988169	0.00518226157781418	-0.141541	1.656	0	0	0	0	0.01	0.032	0.064	0.097	0.392	0.066	0.088	1.37	0.299	NA	NA	0.065712	NA	NA	NA	NA	NA	NA	NA	NA	Control	ENSG00000093072.11:chr22:17709299
chr8	123443815	123443816	0.00813	1	ENSG00000255364.1	123440790	GTEX-P44H	8	0.0474640365849449	NA	0.0164106345915219	0.0211711902548914	0.00453391039612663	0.231142	6.681	0	0	0	0	0.03	0.029	0	0	0.45	0.16	0.199	3.32	0.784	112	1.27756e-07	0.061782	NA	NA	NA	0	0.0058	0	0.004	0.0072	Control	ENSG00000255364.1:chr8:123443816
chr21	16125874	16125875	0.00813	1	ENSG00000232884.3	16126184	GTEX-OXRL	9	-0.124604323977117	NA	0.160608977447019	0.0175957579890439	0.00309773850619186	0.260344	7.039	0	1	0	0	0	0.186	0	0	0.255	-0.599	-0.553	1.92	-2.34	NA	NA	0.074678	4	4	53.6215	0	0	0.0015	0.0089	0.0031	Control	ENSG00000232884.3:chr21:16125875
chr20	37050957	37050958	0.004065	1	ENSG00000224635.1	37045444	GTEX-WZTO	27	0.131278865090789	0.880117029058616	0.259689015875521	0.0267697568745706	0.00477857533418955	-0.161448	1.481	0	0	0	0	0.04	0.002	0	0	-0.41	-1.016	-1.01	2.59	-4.42	NA	NA	0.115049	NA	NA	NA	0	0.0043	0.0197	0.003	0	Control	ENSG00000224635.1:chr20:37050958
chr11	63584428	63584429	0.00813	1	ENSG00000168005.4	63580860	GTEX-S4Z8	15	-0.194354135941651	NA	11.8922381108267	0.0246501469491393	0.0049244670273914	0.289024	7.371	0	0	0	0	0.03	0.288	0.015	0.016	0.198	0.195	0.202	0.158	0.158	NA	NA	0.062364	NA	NA	NA	0.001	0	0.0144	0.008	0	Control	ENSG00000168005.4:chr11:63584429
chr22	17298750	17298751	0.00813	1	ENSG00000172967.7	17302589	GTEX-OOBK	5	-0.231208011811728	NA	0.0269709866036449	0.029070171023832	0.00564515195530196	0.197121	6.238	0	0	0	0	0	0.066	0.067	0.805	0.105	0.107	-0.148	0.0465	0.0465	NA	NA	0.053666	1	1	27.262	0	0	0.0098	0.007	0	Control	ENSG00000172967.7:chr22:17298751
chr13	51745497	51745498	0.004065	1	ENSG00000226792.2	51746524	GTEX-T6MO	5	0.139095084176992	NA	0.00132282485924008	0.00930255873391905	0.000700582409609921	-0.240267	0.913	0	0	0	0	0.05	NA	NA	NA	NA	NA	NA	0	0	NA	NA	0.108841	NA	NA	NA	NA	NA	NA	NA	NA	Control	ENSG00000226792.2:chr13:51745498
chr13	51746716	51746717	0.004065	1	ENSG00000226792.2	51746524	GTEX-REY6	5	-0.454125559366314	NA	0.00132282485924008	0.0258398664007033	0.00490741439806202	-0.197368	1.199	0	0	0	0	0.03	0	0	0	0	0	0	0	0	NA	NA	0.130926	NA	NA	NA	0.002	0	0.0015	0	0.0031	Control	ENSG00000226792.2:chr13:51746717
chr6	130330374	130330375	0.004065	1	ENSG00000198945.3	130334844	GTEX-P78B	18	-0.0585852120586404	NA	2.78472366353922	0.0234874945177126	0.00492886553440494	0.842841	11.96	0	0	0	0	0.04	0.362	0.344	0.422	0.307	0.302	0.311	0.235	0.235	NA	NA	0.109065	NA	NA	NA	0	0.0014	0	0	0	Control	ENSG00000198945.3:chr6:130330375
chr16	23537609	23537610	0.004065	1	ENSG00000103365.11	23533316	GTEX-X4EO	14	0.0424396175129034	NA	37.7202472352145	0.0320205356188979	0.0065492234874816	-0.126143	1.8	0	0	0	0	0.05	0.033	0.035	0.047	0.368	0.373	0.397	0.409	0.409	NA	NA	0.088604	NA	NA	NA	0	0.0014	0	0.003	0	Control	ENSG00000103365.11:chr16:23537610
chr16	23540570	23540571	0.004065	1	ENSG00000103365.11	23533316	GTEX-X62O	5	0.367622393580002	NA	37.7202472352145	0.0220616041830196	0.00358803787091487	-0.13307	1.734	0	0	0	0	0.03	0.008	0	0	-0.918	-0.219	-0.225	2.2	-1.07	NA	NA	0.099652	NA	NA	NA	0	0.0014	0	0.001	0	Control	ENSG00000103365.11:chr16:23540571
chr1	108750967	108750968	0.004065	1	ENSG00000085491.11	108742547	GTEX-QESD	12	0.154830647788796	NA	1.2880656268415	0.0212470046775814	0.0046317134726892	0.399291	8.497	0	0	0	0	0	0.351	0.35	0.389	0.176	0.173	0.179	0.109	0.109	NA	NA	0.065702	NA	NA	NA	NA	NA	NA	NA	NA	Control	ENSG00000085491.11:chr1:108750968
chr18	59850013	59850014	0.004065	1	ENSG00000197563.5	59854351	GTEX-WHPG	13	0.291812013789872	0.106987171373183	5.29453314187234	0.0247535608572268	0.00473661973890329	0.34025	7.921	0	0	0	0	0.03	0.225	0.225	0.246	0.124	0.123	0.125	0.0465	0.0465	NA	NA	0.093361	NA	NA	NA	0.1865	0.0793	0	0.001	0.1094	Control	ENSG00000197563.5:chr18:59850014
chr4	21955826	21955827	0.00813	1	ENSG00000185774.10	21950422	GTEX-P4PP	19	0.475589390013729	NA	0.185526697651336	0.0243548138389425	0.00500213796232034	0.179745	6.002	0	0	0	0	0.01	0.117	0.061	0.07	0.374	0.528	0.544	0.651	0.651	NA	NA	0.061782	NA	NA	NA	0	0.0014	0	0.005	0.001	Control	ENSG00000185774.10:chr4:21955827
chr16	11613854	11613855	0.004065	1	ENSG00000188897.4	11617444	GTEX-XQ3S	17	0.400932760641562	-1.04231222774804	0.219384857208321	0.024476738076539	0.00392956360471446	-0.458735	0.184	0	0	0	0	0.07	0.009	0.005	0.006	-1.629	-1.638	-1.643	0	0	NA	NA	0.126842	NA	NA	NA	0	0	0.0113	0	0	Control	ENSG00000188897.4:chr16:11613855
chr16	11617045	11617046	0.004065	1	ENSG00000188897.4	11617444	GTEX-WHSB	8	0.180039798721457	0.386489780271978	0.219384857208321	0.026636182490445	0.00594720072375642	0.729663	11.15	0	0	0	0	0	0.442	0.01	0.011	0.198	1.666	1.69	2.48	2.48	NA	NA	0.053666	NA	NA	NA	0	0	8e-04	0	0	Control	ENSG00000188897.4:chr16:11617046
chr5	79869804	79869805	0.00813	1	ENSG00000189127.3	79866307	GTEX-X261	9	0.0560275475567529	NA	0.00351785117221114	0.020278920315165	0.00347037500894729	0.035894	3.858	0	0	0	0	0.04	0.004	0.004	0.005	0.44	0.433	0.444	0.399	0.399	NA	NA	0.053666	NA	NA	NA	0	0.0058	0	0.005	0	Control	ENSG00000189127.3:chr5:79869805
chr13	30881878	30881879	0.004065	1	ENSG00000102781.9	30881621	GTEX-U3ZH	18	0.34287155639724	0.322731006286547	2.31598682309452	0.0350414736283313	0.00912147095580231	0.048482	4.049	0	19	0	0	0.2	0.03	0	0	-0.493	-0.393	-0.378	3.05	-1.71	NA	NA	0.046624	18	23	204.7643	0	0	0.0234	0	0	Control	ENSG00000102781.9:chr13:30881879
chr1	201477706	201477707	0.004065	1	ENSG00000159176.9	201478584	GTEX-RM2N	17	0.092830024824175	NA	14.8046953845442	0.0197096609587442	0.00387621325885985	0.164892	5.794	0	0	0	0	0	0.111	0.004	0.004	-0.395	0.027	0.067	2.67	0.258	NA	NA	0.07893	NA	NA	NA	0	0	0	0.005	0	Control	ENSG00000159176.9:chr1:201477707
chr1	223882582	223882583	0.004065	1	ENSG00000162909.13	223889295	GTEX-POYW	8	0.318699218514519	NA	4.87094309076405	0.0179720289262286	0.0034283276120396	0.525712	9.589	0	0	0	0	0	0.6	0	0.001	0.166	-1.116	-1.027	0.781	-1.56	NA	NA	0.053666	NA	NA	NA	0	0	0	0.002	0	Control	ENSG00000162909.13:chr1:223882583
chr12	6810248	6810249	0.00813	1	ENSG00000139200.9	6809966	GTEX-UPK5	15	0.00272250088364693	0.160352619598823	0.251171350152346	0.0184883331315155	0.00367630326329865	0.379474	8.31	0	8	0	0	0.04	0.111	0	0	-0.504	-1.678	-1.868	3.11	-6.23	NA	NA	0.200533	2	3	44.461	0	0.0086	8e-04	0.0099	0	Control	ENSG00000139200.9:chr12:6810249
chr14	76618837	76618838	0.00813	1	ENSG00000089916.13	76618259	GTEX-RNOR	17	-0.320447308060484	NA	7.89714202127958	0.0267474618075745	0.00776771106833402	0.363695	8.156	0	19	0	0	0.08	0.05	0	0	0.557	-0.791	-0.762	3.79	-3.65	NA	NA	0.031325	30	54	97.9291	0	0.0115	0	0.006	0.0082	Control	ENSG00000089916.13:chr14:76618838
chr1	229767707	229767708	0.004065	1	ENSG00000135801.5	229761794	GTEX-Q2AG	24	-0.194246995791509	NA	5.62027640510024	0.0247922869875575	0.0043888874508367	-0.016366	3.099	0	0	0	0	0.03	0.005	0.005	0.006	0.455	0.466	0.492	0.559	0.559	NA	NA	0.099652	NA	NA	NA	0	0	0	0.001	0	Control	ENSG00000135801.5:chr1:229767708
chr20	44509238	44509239	0.004065	1	ENSG00000168612.4	44509866	GTEX-PSDG	16	-0.445184453095307	NA	4.86286256606119	0.030099351655763	0.00553382811602935	-0.19386	1.225	0	0	0	0	0.08	0.022	0.008	0.01	0.354	0.365	0.385	0.401	0.401	NA	NA	0.053666	NA	NA	NA	NA	NA	NA	NA	NA	Control	ENSG00000168612.4:chr20:44509239
chr2	228329716	228329717	0.004065	1	ENSG00000173744.13	228336904	GTEX-O5YT	16	-0.400958718757482	NA	13.0914990441841	0.0158006086532937	0.002775334803617	0.095501	4.768	0	0	3	0	0.05	0.05	0	0	0.455	-0.455	-0.522	3.96	-3.2	NA	NA	0.093361	NA	NA	NA	NA	NA	NA	NA	NA	Control	ENSG00000173744.13:chr2:228329717
chr2	228346193	228346194	0.004065	1	ENSG00000173744.13	228336904	GTEX-X261	19	-0.47002082885643	NA	13.0914990441841	0.0138843433030723	0.00214606357639026	-0.15036	1.577	0	0	3	0	0	0.009	0	0	-0.666	-0.711	-0.619	1.95	-3.11	NA	NA	0.085793	NA	NA	NA	NA	NA	NA	NA	NA	Control	ENSG00000173744.13:chr2:228346194
chr16	21602535	21602536	0.004065	1	ENSG00000197006.9	21608539	GTEX-WZTO	27	-0.0025243957969613	-2.00922942871816	13.0533594708694	0.0227376788540785	0.00373654488830078	-0.190728	1.248	0	0	0	0	0.05	0.001	0.001	0.001	-0.818	-0.088	-0.055	1.01	-0.215	NA	NA	0.053666	NA	NA	NA	NA	NA	NA	NA	NA	Control	ENSG00000197006.9:chr16:21602536
chr4	165311029	165311030	0.004065	1	ENSG00000145416.9	165305202	GTEX-X4EO	14	0.398820102970779	NA	2.41519015164752	0.0211503018593465	0.00384246424203198	-0.089755	2.176	9	0	0	0	0.01	0.001	0	0	-0.353	0.159	0.175	2.79	0.833	NA	NA	0.061782	NA	NA	NA	0	0.0014	0	0.001	0	Control	ENSG00000145416.9:chr4:165311030
chr18	29590172	29590173	0.00813	1	ENSG00000101695.4	29598335	GTEX-O5YV	12	0.230054633001543	NA	1.76381125183482	0.0200322191048416	0.00303928800388206	-0.601942	0.058	0	0	0	0	0.04	0.001	0.001	0.002	-2.184	-2.188	-2.138	0.195	-0.39	NA	NA	0.061782	2	2	58.5705	0.002	0.0043	0	0.004	0	Control	ENSG00000101695.4:chr18:29590173
chr5	154234925	154234926	0.00813	1	ENSG00000155508.9	154237113	GTEX-N7MT	15	0.283227281000741	NA	18.7414244183323	0.0256795845273489	0.00559784983335914	0.33309	7.847	0	0	0	0	0.04	0.231	0.153	0.214	0.299	0.294	0.303	0.225	0.225	NA	NA	0.078537	NA	NA	NA	NA	NA	NA	NA	NA	Control	ENSG00000155508.9:chr5:154234926
chr11	103761123	103761124	0.00813	1	ENSG00000254987.1	103765999	GTEX-WYJK	5	0.406827716316319	NA	0.0102965096338538	0.0259284327468031	0.00455016639805419	-0.386339	0.321	0	0	0	0	0	0.028	0.008	0.01	0.307	0.302	0.311	0.235	0.235	NA	NA	0.053666	NA	NA	NA	0	0	0	0	0.001	Control	ENSG00000254987.1:chr11:103761124
chr11	103764214	103764215	0.00813	1	ENSG00000254987.1	103765999	GTEX-PWN1	6	-0.496640360001313	NA	0.0102965096338538	0.0259468328052503	0.00496843816612015	-0.140067	1.669	0	0	0	0	0.03	0.006	0	0	-0.518	-0.038	-0.012	2.38	-0.166	NA	NA	0.053666	NA	NA	NA	0	0.0014	0	0.004	0.002	Control	ENSG00000254987.1:chr11:103764215
chr11	103770478	103770479	0.004065	1	ENSG00000254987.1	103765999	GTEX-T5JC	5	-0.316983520431663	NA	0.0102965096338538	0.0211739371931206	0.00367801427149303	-0.233302	0.956	0	0	0	0	0.01	0	0	0	-0.464	-0.455	-0.432	0.401	-0.768	NA	NA	0.074427	NA	NA	NA	NA	NA	NA	NA	NA	Control	ENSG00000254987.1:chr11:103770479
chr1	1438462	1438463	0.004065	1	ENSG00000197785.9	1447531	GTEX-RUSQ	13	-0.144415238977225	NA	17.3462306742083	0.0212334979253198	0.00364950946433715	-0.055513	2.58	0	0	0	0	0.07	0.026	0.026	0.026	0.11	0.109	0.111	0	0	NA	NA	0.053666	NA	NA	NA	NA	NA	NA	NA	NA	Control	ENSG00000197785.9:chr1:1438463
chr2	35034007	35034008	0.004065	1	ENSG00000226994.3	35024917	GTEX-WVLH	6	-0.305246805498212	NA	0.00015826912172008	0.0209781384411737	0.00405561057683899	-0.039355	2.787	0	0	0	0	0.03	0.01	0.002	0.003	-0.462	0.191	0.236	3.53	1	NA	NA	0.061782	NA	NA	NA	NA	NA	NA	NA	NA	Control	ENSG00000226994.3:chr2:35034008
chr21	47879388	47879389	0.004065	1	ENSG00000160305.13	47878812	GTEX-RWSA	14	-0.254239127758607	NA	6.30313871199625	0.0332878622068705	0.00803370671321632	0.095271	4.765	0	18	0	0	0.16	0.043	0	0.001	0.188	-0.541	-0.732	1.05	-1.68	NA	NA	0.114458	1	1	56.5386	NA	NA	NA	NA	NA	Control	ENSG00000160305.13:chr21:47879389
chr1	35521293	35521294	0.004065	1	ENSG00000197056.5	35525387	GTEX-QEG5	17	-0.167299374202479	NA	0.785808200310719	0.0191368954181942	0.00315624871702443	-0.422738	0.244	0	0	0	0	0.01	0.029	0.029	0.031	-1.631	-1.649	-1.639	0	0	NA	NA	0.053666	NA	NA	NA	0	0.0029	0	0.002	0	Control	ENSG00000197056.5:chr1:35521294
chr1	35524282	35524283	0.004065	1	ENSG00000197056.5	35525387	GTEX-S4UY	11	-0.152877817132123	NA	0.785808200310719	0.0250949654830303	0.00474565938053397	-0.045598	2.706	0	0	0	0	0.04	0.025	0.025	0.026	0.124	0.123	0.125	0.0465	0.0465	NA	NA	0.053666	NA	NA	NA	0	0	0	0.006	0	Control	ENSG00000197056.5:chr1:35524283
chr12	108150456	108150457	0.004065	1	ENSG00000110851.7	108155049	GTEX-XOT4	10	0.105882665554646	NA	7.42722141533567	0.021851595442205	0.0041548112165053	0.111673	5.014	0	0	0	0	0	0.022	0	0	0.525	-0.503	-0.449	3.11	-2.45	NA	NA	0.099652	NA	NA	NA	NA	NA	NA	NA	NA	Control	ENSG00000110851.7:chr12:108150457
chr14	102203285	102203286	0.004065	1	ENSG00000258404.1	102197445	GTEX-XXEK	7	-0.388543740486973	NA	0.0354147562593745	0.0231421806959899	0.00440821333430133	-0.239826	0.916	0	0	0	0	0.07	0.003	0	0	0.559	-0.21	-0.2	2.4	-0.855	NA	NA	0.065702	NA	NA	NA	NA	NA	NA	NA	NA	Control	ENSG00000258404.1:chr14:102203286
chr4	56258535	56258536	0.004065	1	ENSG00000273257.1	56254116	GTEX-POYW	7	0.316895157959308	NA	0.0388034446524424	0.0249467715902198	0.00409497510854868	-0.264535	0.775	0	0	0	0	0.03	0.012	0.051	0.065	-2.633	-0.792	-0.737	0.964	-0.372	NA	NA	0.078537	NA	NA	NA	NA	NA	NA	NA	NA	Control	ENSG00000273257.1:chr4:56258536
chr13	24454684	24454685	0.004065	1	ENSG00000027001.7	24463558	GTEX-N7MS	20	-0.421243354938184	NA	6.89148883233991	0.0198125079621102	0.00341336895098096	-0.307942	0.571	0	0	0	0	0.07	0.017	0	0	-0.685	-1.229	-1.15	2.22	-4.35	NA	NA	0.106103	NA	NA	NA	NA	NA	NA	NA	NA	Control	ENSG00000027001.7:chr13:24454685
chr13	24472509	24472510	0.004065	1	ENSG00000027001.7	24463558	GTEX-RM2N	17	0.34254783793252	NA	6.89148883233991	0.0180749570867757	0.00319723286435054	-0.201064	1.172	0	0	1	0	0.03	0.001	0	0	-0.388	-0.384	-0.367	2.03	-1.18	NA	NA	0.078537	1	1	42.1168	NA	NA	NA	NA	NA	Control	ENSG00000027001.7:chr13:24472510
chr3	51942714	51942715	0.00813	1	ENSG00000173389.11	51937351	GTEX-S95S	5	0.498822469029274	NA	0.0187069343141558	0.0262361011468376	0.00453926344703345	-0.420642	0.248	1	0	0	0	0	0.006	0	0	-1.898	-0.93	-0.866	1.24	-0.844	NA	NA	0.053666	NA	NA	NA	0	0	8e-04	0.002	0	Control	ENSG00000173389.11:chr3:51942715
chr2	48840345	48840346	0.004065	1	ENSG00000242441.3	48844937	GTEX-PW2O	11	-0.355641409053138	NA	0.00536044071052681	0.0213598498029863	0.00445987653529841	-0.011199	3.171	2	0	0	0	0	0.01	0.019	0.031	0.455	0.683	0.748	3.47	2.29	NA	NA	0.053666	NA	NA	NA	NA	NA	NA	NA	NA	Control	ENSG00000242441.3:chr2:48840346
chr17	4730250	4730251	0.004065	1	ENSG00000141503.11	4736683	GTEX-S32W	16	-0.362826372587402	NA	21.4023165619164	0.0239182904754704	0.00462108093863829	-0.05132	2.633	0	0	0	0	0.07	0.039	0.038	0.043	0.154	0.151	0.158	0	0	NA	NA	0.088604	NA	NA	NA	0	0.0014	0.0015	0.003	0.0031	Control	ENSG00000141503.11:chr17:4730251
chr17	4736604	4736605	0.004065	1	ENSG00000141503.11	4736683	GTEX-XUJ4	27	0.298008066182414	-0.158360401129032	21.4023165619164	0.0736899273899121	0.0453137042859458	2.004448	19.11	3	19	0	0	0.34	0.554	0.996	0.997	0.646	0.232	0.519	5.14	1.88	1869.6	1.01087e-211	0.031325	34	57	647.5012	NA	NA	NA	NA	NA	Control	ENSG00000141503.11:chr17:4736605
chr17	4737331	4737332	0.004065	1	ENSG00000141503.11	4736683	GTEX-QESD	12	-0.327398042068549	NA	21.4023165619164	0.0217958014485376	0.00554814691134037	0.608103	10.25	2	19	0	0	0.03	0.119	0.053	0	0.557	2.098	0.421	4.29	2.13	NA	NA	0.085976	7	8	60.9774	NA	NA	NA	NA	NA	Control	ENSG00000141503.11:chr17:4737332
chr3	49967673	49967674	0.004065	1	ENSG00000004534.10	49977440	GTEX-S32W	16	0.271993327996482	NA	36.564163107621	0.0249341490572393	0.00601007608978259	0.924066	12.54	1	19	0	0	0.05	0.312	0.128	0.234	0.53	1.777	1.875	3.46	3.46	NA	NA	0.085976	4	4	111.4289	0	0.0029	0	0.002	0	Control	ENSG00000004534.10:chr3:49967674
chr11	299136	299137	0.004065	1	ENSG00000185201.12	307631	GTEX-P4PQ	14	0.478760617108991	NA	131.071654855159	0.0178345761218312	0.00289544257693287	-0.461612	0.18	0	0	2	0	0.11	0.005	0	0.001	-1.953	-2.72	-2.389	1.09	-2.18	NA	NA	0.060736	NA	NA	NA	0	0	0	0.001	0	Control	ENSG00000185201.12:chr11:299137
chr1	146641995	146641996	0.004065	1	ENSG00000131791.6	146644129	GTEX-SUCS	15	-0.181827855821282	-1.32673722624708	5.41830599935431	0.0194628472083977	0.00425723428647321	0.399608	8.5	1	0	6	0	0.04	0.22	0.017	0.034	0.473	-0.191	-0.058	4.51	-0.539	202.3	5.13917e-19	0.072985	2	2	38.3045	NA	NA	NA	NA	NA	Control	ENSG00000131791.6:chr1:146641996
chr21	44293473	44293474	0.004065	1	ENSG00000160194.13	44299754	GTEX-U3ZN	23	0.292814659685698	-0.703237800455944	4.90941097234425	0.0280504463691032	0.00485126377429677	-0.200783	1.174	0	0	0	0	0.05	0.001	0	0	-1.003	-1.437	-1.332	2.96	-5.91	NA	NA	0.099652	NA	NA	NA	0	0	0	0.003	0	Control	ENSG00000160194.13:chr21:44293474
chr16	3137193	3137194	0.004065	1	ENSG00000262370.1	3137101	GTEX-P4PP	18	0.21339933259626	NA	0.771850458656748	0.010516699800828	0.0015852253614592	-0.594746	0.062	0	0	6	0	0.03	0	0	0	-2.415	-5.089	-5.074	2.88	-5.76	NA	NA	0.064049	4	4	51.7694	NA	NA	NA	NA	NA	Control	ENSG00000262370.1:chr16:3137194
chr7	63514481	63514482	0.004065	1	ENSG00000257482.3	63505821	GTEX-WFON	22	-0.136498196095326	NA	0.0193330415222271	0.0289841421174675	0.00611882538117525	-0.056493	2.568	0	0	0	0	0.01	0.013	0.013	0.016	0.379	0.384	0.409	0.427	0.427	NA	NA	0.061782	NA	NA	NA	NA	NA	NA	NA	NA	Control	ENSG00000257482.3:chr7:63514482
chr1	76069129	76069130	0.00813	1	ENSG00000137968.12	76076801	GTEX-U3ZN	22	-0.299051646801698	-0.511206146081605	0.617761011719459	0.0181665054133641	0.0028057014636461	-0.491541	0.141	0	0	0	0	0.01	0.002	0.002	0.002	-1.982	-2.009	-1.965	0.226	-0.452	NA	NA	0.053666	NA	NA	NA	0	0	0	0.001	0.001	Control	ENSG00000137968.12:chr1:76069130
chr1	76082800	76082801	0.004065	1	ENSG00000137968.12	76076801	GTEX-REY6	17	-0.422680831844143	NA	0.617761011719459	0.0295440302323462	0.00685407135064751	0.495475	9.341	0	0	0	0	0.05	0.093	0.008	0.008	0.551	2.076	2.063	3.13	3.13	NA	NA	0.110176	6	14	482.7788	0	0.0014	0	0.001	0	Control	ENSG00000137968.12:chr1:76082801
chr14	31490088	31490089	0.004065	1	ENSG00000196792.7	31495607	GTEX-RUSQ	13	-0.235453031166633	NA	5.76249933661076	0.025690630729606	0.00420877406095802	-0.28368	0.678	0	0	3	0	0.04	0.004	0.004	0.004	-0.393	-0.405	-0.389	0.418	-0.591	NA	NA	0.093376	NA	NA	NA	NA	NA	NA	NA	NA	Control	ENSG00000196792.7:chr14:31490089
chr8	38230513	38230514	0.00813	1	ENSG00000147548.12	38239790	GTEX-PWCY	18	0.286029334647108	NA	10.3829268488968	0.0238692463972131	0.00476079675716425	0.036379	3.866	0	0	0	0	0.15	0.034	0.034	0.039	0.393	0.387	0.398	0.315	0.315	NA	NA	0.035721	NA	NA	NA	NA	NA	NA	NA	NA	Control	ENSG00000147548.12:chr8:38230514
chr18	9329171	9329172	0.004065	1	ENSG00000128791.7	9334765	GTEX-UPJH	9	-0.358421472774175	0.983152101268829	18.4370437337641	0.0236501180981138	0.00446059888692969	-0.139742	1.672	0	0	0	0	0.01	0.087	0.088	0.107	0.198	0.195	0.202	0.158	0.158	NA	NA	0.053666	NA	NA	NA	NA	NA	NA	NA	NA	Control	ENSG00000128791.7:chr18:9329172
chr9	22764536	22764537	0.004065	1	ENSG00000224549.1	22767174	GTEX-OXRN	6	0.129926447211204	NA	0	0.0292579940631384	0.00604130252069434	0.092655	4.725	0	0	0	0	0.01	0.156	0.158	0.173	0.094	0.095	0.1	0	0	NA	NA	0.061782	NA	NA	NA	NA	NA	NA	NA	NA	Control	ENSG00000224549.1:chr9:22764537
chr22	50955342	50955343	0.004065	1	ENSG00000100258.13	50946135	GTEX-XOT4	10	0.04537171581189	NA	20.5180271633884	0.0206220728254459	0.0040621825009239	0.219992	6.539	0	0	0	0	0.07	0.117	0	0	0.474	-0.077	-0.057	1.81	-0.704	NA	NA	0.069498	NA	NA	NA	0	0	0.003	0.001	0.001	Control	ENSG00000100258.13:chr22:50955343
chr4	928804	928805	0.004065	1	ENSG00000127419.12	926175	GTEX-XOT4	10	0.041292492529961	NA	9.35859126584572	0.0263829243986852	0.00520079976567465	0.136232	5.38	0	0	0	1	0	0.162	0.004	0.004	0.402	1.207	1.193	1.58	1.58	NA	NA	0.114555	1	2	46.5179	0	0	0	0	0.0143	Control	ENSG00000127419.12:chr4:928805
chr15	78207875	78207876	0.004065	1	ENSG00000261244.1	78208928	GTEX-S4Q7	5	0.15421336735967	NA	0.0193267692403312	0.0450705694829795	0.0137845190375699	-0.151299	1.569	0	0	0	0	0.04	0	0.009	0.975	0	-3.302	-2.457	1.98	-3.95	NA	NA	0.070891	NA	NA	NA	0.0605	0	0	0.001	0.002	Control	ENSG00000261244.1:chr15:78207876
chr22	31365061	31365062	0.004065	1	ENSG00000133422.8	31364284	GTEX-QESD	12	-0.400648938573887	NA	7.4645238508258	0.0419068300381415	0.0155143207937027	0.194312	6.201	7	19	0	0	0.15	0.057	0.015	0.009	-0.231	-0.405	-0.549	4.92	-4.54	3526.9	0	0.031325	45	89	497.2239	NA	NA	NA	NA	NA	Control	ENSG00000133422.8:chr22:31365062
chr11	120213892	120213893	0.00813	1	ENSG00000196914.4	120207787	GTEX-TKQ2	13	-0.413520695621537	-1.29223617712234	7.35415100423913	0.0582763832382888	0.027690611648038	-0.057115	2.56	0	0	4	0	0	0.006	0.005	0.023	-1.127	-0.02	0.03	3.83	0.0426	NA	NA	0.093361	NA	NA	NA	0	0	0	0.001	0	Control	ENSG00000196914.4:chr11:120213893
chr11	76436623	76436624	0.00813	1	ENSG00000254761.1	76430652	GTEX-WFJO	5	0.151034129367569	NA	0.00409703348812304	0.017828822211291	0.00275635544253482	-0.519718	0.112	0	0	0	0	0.01	0.001	0	0	-1.361	-0.613	-0.557	1.91	-2.36	NA	NA	0.065702	NA	NA	NA	0	0.0014	0	0	0.001	Control	ENSG00000254761.1:chr11:76436624
chr7	1602865	1602866	0.004065	1	ENSG00000164855.11	1600457	GTEX-N7MS	14	-0.195098570962316	NA	0.0383984252377495	0.0282347536744789	0.00658783829871861	0.561663	9.876	0	0	0	0	0.07	0.175	0.172	0.915	0.307	0.302	0.311	0.235	0.235	NA	NA	0.056797	NA	NA	NA	NA	NA	NA	NA	NA	Control	ENSG00000164855.11:chr7:1602866
chr15	89085778	89085779	0.00813	1	ENSG00000140543.9	89089906	GTEX-SN8G	9	-0.365911196225613	-0.428463754908233	1.26932547542087	0.0251770397022695	0.0044015490590507	-0.027134	2.951	0	0	5	0	0.04	0.011	0.011	0.011	0.109	0.107	0.11	0	0	NA	NA	0.065712	15	15	97.6227	0	0.0072	0	0.004	0	Control	ENSG00000140543.9:chr15:89085779
chr15	89089417	89089418	0.00813	1	ENSG00000140543.9	89089906	GTEX-Q2AI	13	0.42120750285685	NA	1.26932547542087	0.0241367708313466	0.00534500597015254	-0.077588	2.314	0	19	0	0	0.09	0.066	0.051	0.057	-1.929	-1.874	-1.802	0.0465	-0.093	NA	NA	0.046624	4	5	69.8852	0	0	0.0159	0	0.0051	Control	ENSG00000140543.9:chr15:89089418
chr15	89092297	89092298	0.004065	1	ENSG00000140543.9	89089906	GTEX-OHPM	14	-0.283807220741592	NA	1.26932547542087	0.0356590939842704	0.00798927178012869	0.187451	6.107	0	0	0	0	0.03	0.189	0.188	0.205	0.124	0.123	0.125	0.0465	0.0465	NA	NA	0.078537	NA	NA	NA	NA	NA	NA	NA	NA	Control	ENSG00000140543.9:chr15:89092298
chr16	21973117	21973118	0.004065	1	ENSG00000140740.6	21963981	GTEX-X4XX	16	0.071012297404797	NA	97.0084747849849	0.0220164954213004	0.00387820079279442	-0.516685	0.115	0	0	0	0	0.07	0	0	0	-1.8	-2.175	-2.135	0.675	-1.35	NA	NA	0.099652	NA	NA	NA	0	0.0101	0.0098	0.004	0.0102	Control	ENSG00000140740.6:chr16:21973118
chr2	98269598	98269599	0.004065	1	ENSG00000135940.2	98262503	GTEX-WL46	20	-0.180192310336851	NA	97.8840510719701	0.0229830522453376	0.00463830586148844	0.283106	7.304	0	0	0	0	0	0.183	0.182	0.198	0.124	0.123	0.125	0.0465	0.0465	NA	NA	0.053666	NA	NA	NA	0	0	0	0.002	0	Control	ENSG00000135940.2:chr2:98269599
chr9	99684681	99684682	0.004065	1	ENSG00000188152.8	99690592	GTEX-X261	15	0.210318313246479	NA	0.153241444411769	0.0468602992837553	0.0103500830298407	-0.2037	1.154	0	0	0	0	0.03	0	0	0	0	0	0	0	0	NA	NA	0.078537	NA	NA	NA	0	0.0173	0.2118	0.0099	0.045	Control	ENSG00000188152.8:chr9:99684682
chr9	99687509	99687510	0.004065	1	ENSG00000188152.8	99690592	GTEX-REY6	16	0.231634904981303	NA	0.153241444411769	0.0293775384514409	0.00626907720392327	0.010698	3.484	0	0	0	0	0.21	0.053	0.001	0.001	0.176	-0.675	-0.647	0.41	-0.82	NA	NA	0.078537	NA	NA	NA	0	0	0	0.002	0	Control	ENSG00000188152.8:chr9:99687510
chr9	99688691	99688692	0.00813	1	ENSG00000188152.8	99690592	GTEX-P4QT	14	-0.469863683491351	NA	0.153241444411769	0.0257060213681482	0.00497842072906116	0.029796	3.767	0	0	0	0	0.05	0.219	0.023	0.028	0.148	-0.564	-0.451	0.576	-1.15	NA	NA	0.16322	NA	NA	NA	0	0	0	0.003	0	Control	ENSG00000188152.8:chr9:99688692
chr9	99691342	99691343	0.004065	1	ENSG00000188152.8	99690592	GTEX-S4Q7	17	-0.112797472902493	-0.143365276783295	0.153241444411769	0.0274313772278254	0.00490563128541773	-0.24367	0.893	0	0	0	0	0	0.005	0	0	-0.546	-1.553	-1.472	1.33	-2.65	NA	NA	0.156329	NA	NA	NA	NA	NA	NA	NA	NA	Control	ENSG00000188152.8:chr9:99691343
chr7	22868098	22868099	0.004065	1	ENSG00000196683.6	22862470	GTEX-OXRK	15	0.39067794609174	NA	107.569830041183	0.023919623143635	0.00457098846966785	-0.237986	0.927	0	0	0	0	0.07	0.021	0.02	0.023	0.158	0.16	0.171	0.122	0.122	NA	NA	0.065702	NA	NA	NA	NA	NA	NA	NA	NA	Control	ENSG00000196683.6:chr7:22868099
chr22	50736502	50736503	0.004065	1	ENSG00000196576.10	50746056	GTEX-TMMY	17	-0.190854462647937	NA	29.5558495103267	0.0199753938290705	0.00405201250010415	-0.134224	1.723	6	0	0	0	0.08	0	0	0	-0.726	-1.16	-1.121	0.494	-0.987	NA	NA	0.113364	1	1	18.0878	0	0.0029	0	0.005	0	Control	ENSG00000196576.10:chr22:50736503
chr8	67379220	67379221	0.004065	1	ENSG00000169085.7	67372238	GTEX-S4P3	14	0.413843660890059	NA	0.052823646937644	0.0162645971284556	0.00303711201684602	-0.130764	1.756	0	0	1	0	0.03	0.001	0	0	-0.768	-0.371	-0.325	3.36	-2.07	NA	NA	0.070891	1	3	98.0236	0	0	8e-04	0	0	Control	ENSG00000169085.7:chr8:67379221
chr12	99030000	99030001	0.004065	1	ENSG00000166130.10	99038891	GTEX-T6MO	18	-0.0975927473146461	-0.345433326231926	8.61676848980419	0.0159263636559259	0.00265240155111136	0.005908	3.415	0	0	1	0	0	0.001	0.005	0.007	-0.907	-0.324	-0.319	3.03	-1.5	NA	NA	0.109065	13	17	167.676	NA	NA	NA	NA	NA	Control	ENSG00000166130.10:chr12:99030001
chr17	14202602	14202603	0.00813	1	ENSG00000266709.1	14207171	GTEX-X8HC	12	0.168243454922787	NA	0.232220467931607	0.0182279023950382	0.00376283174672548	0.140464	5.442	0	8	0	0	0.09	0.003	0	0	-1.25	-1.088	-0.958	3.81	-4.61	NA	NA	0.162618	2	3	89.6334	0	0.0014	0	0	0.001	Control	ENSG00000266709.1:chr17:14202603
chr17	14205768	14205769	0.00813	1	ENSG00000266709.1	14207171	GTEX-OXRL	14	-0.0512246543314424	NA	0.232220467931607	0.0314552399328482	0.0115431070345604	0.514159	9.495	0	8	0	0	0.12	0.02	0.177	0.182	0.55	0.292	0.287	3.12	0.939	NA	NA	0.205587	3	3	49.2931	0	0.0014	0	0.004	0	Control	ENSG00000266709.1:chr17:14205769
chr12	122227429	122227430	0.004065	1	ENSG00000272849.1	122235417	GTEX-S95S	15	-0.01568162643547	-0.01568162643547	4.35242979725202	0.0149250136182899	0.00292882649187021	-0.003857	3.275	0	0	0	10	0.04	0.021	0	0	0.544	-0.388	-0.394	3.64	-1.91	NA	NA	0.085793	2	2	63.3346	NA	NA	NA	NA	NA	Control	ENSG00000272849.1:chr12:122227430
chr14	20807457	20807458	0.004065	1	ENSG00000100814.13	20801471	GTEX-WL46	20	0.112929747683039	NA	23.9794581647505	0.0201715053429177	0.00325926561181277	-0.240425	0.912	0	0	0	0	0	0.127	0.074	0.105	-1.133	-1.138	-1.099	0.149	-0.298	NA	NA	0.065702	NA	NA	NA	0	0.0029	0	0.002	0	Control	ENSG00000100814.13:chr14:20807458
chr14	36001942	36001943	0.004065	1	ENSG00000168348.3	36003248	GTEX-N7MS	12	-0.004591699276596	NA	0.00546828369005469	0.0213725590430096	0.00321210906222394	0.007279	3.435	0	0	0	0	0.01	0.322	0	0	-0.357	-1.024	-0.965	3.37	-4.66	NA	NA	0.065702	NA	NA	NA	NA	NA	NA	NA	NA	Control	ENSG00000168348.3:chr14:36001943
chr9	100002915	100002916	0.00813	1	ENSG00000197816.9	100008467	GTEX-T8EM	15	0.287710807840095	NA	0.0807338980059221	0.0215611670214105	0.00408876368128457	0.328916	7.804	0	0	0	0	0.04	0.361	0.005	0.007	0.334	-0.609	-0.527	0.525	-1.05	NA	NA	0.053666	NA	NA	NA	0.001	0	0	0.003	0.001	Control	ENSG00000197816.9:chr9:100002916
chr19	53183928	53183929	0.004065	1	ENSG00000167766.14	53193749	GTEX-WHSB	8	-0.036642136235889	0.383141048942404	6.85023381730966	0.0252902211161929	0.00462154505088084	-0.346344	0.432	0	0	0	0	0.13	0.034	0.034	0.038	0	0	0	0	0	NA	NA	0.088604	NA	NA	NA	0	0	0.0242	0	0	Control	ENSG00000167766.14:chr19:53183929
chr19	53186284	53186285	0.004065	1	ENSG00000167766.14	53193749	GTEX-RNOR	17	0.421181101117496	NA	6.85023381730966	0.0232906892228245	0.00449375137045053	0.109648	4.983	0	0	0	0	0.01	0.122	0.122	0.133	0.105	0.107	0.112	0.0465	0.0465	NA	NA	0.062364	NA	NA	NA	NA	NA	NA	NA	NA	Control	ENSG00000167766.14:chr19:53186285
chr19	53196802	53196803	0.004065	1	ENSG00000167766.14	53193749	GTEX-OHPM	14	-0.300415381295048	NA	6.85023381730966	0.0293555898666861	0.00634261596846888	0.28868	7.367	0	0	0	0	0.03	0	0	1	0	0	1.614	0	0	NA	NA	0.053666	NA	NA	NA	NA	NA	NA	NA	NA	Control	ENSG00000167766.14:chr19:53196803
chr5	140247778	140247779	0.00813	1	ENSG00000249034.1	140243224	GTEX-XV7Q	5	0.250869375656398	NA	0.00925699023431854	0.019035750990723	0.00425774779512837	0.114807	5.061	0	0	0	0	0	0.011	0.045	0.026	0.557	0.906	0.2	3.77	2.2	NA	NA	0.078537	NA	NA	NA	0	0.0029	0	0.005	0	Control	ENSG00000249034.1:chr5:140247779
chr14	92581270	92581271	0.00813	1	ENSG00000183648.5	92588261	GTEX-SUCS	15	-0.297507427663078	-0.297507427663078	32.8522410141794	0.023892883919512	0.00431795581155741	-0.094256	2.127	0	0	0	0	0.04	0.006	0.006	0.007	0.151	0.149	0.154	0	0	NA	NA	0.060736	NA	NA	NA	0	0	8e-04	0.003	0.0051	Control	ENSG00000183648.5:chr14:92581271
chr14	92587480	92587481	0.004065	1	ENSG00000183648.5	92588261	GTEX-P44H	16	0.271390928106368	NA	32.8522410141794	0.0281841031763296	0.00703369653610707	0.473181	9.154	0	0	0	0	0.09	0.23	0.228	0.266	0.3	0.294	0.303	0.199	0.199	NA	NA	0.099476	NA	NA	NA	0	0.0043	0	0.006	0.002	Control	ENSG00000183648.5:chr14:92587481
chr14	92594149	92594150	0.00813	1	ENSG00000183648.5	92588261	GTEX-SUCS	15	-0.297507427663078	-0.297507427663078	32.8522410141794	0.023892883919512	0.00431795581155741	0.074659	4.449	0	0	0	0	0.01	0.055	0.019	0.021	0.158	-0.029	-0.019	1.12	-0.0676	NA	NA	0.106103	NA	NA	NA	0	0	8e-04	0.003	0.0051	Control	ENSG00000183648.5:chr14:92594150
chr14	92596166	92596167	0.004065	1	ENSG00000183648.5	92588261	GTEX-QV31	12	0.369785181077126	NA	32.8522410141794	0.0318742217330427	0.00693783054565926	0.633611	10.44	0	0	0	0	0.03	0.144	0.188	1	0.425	0.425	1.778	0.392	0.392	NA	NA	0.106103	NA	NA	NA	NA	NA	NA	NA	NA	Control	ENSG00000183648.5:chr14:92596167
chr15	62350339	62350340	0.004065	1	ENSG00000198535.5	62359176	GTEX-S4UY	8	-0.184867997508019	NA	0.00804006110002663	0.0140464927541558	0.00282023036151415	0.758986	11.36	0	0	0	0	0.01	0.716	0	0	-0.381	-0.646	-0.595	3.05	-2.92	NA	NA	0.093361	NA	NA	NA	NA	NA	NA	NA	NA	Control	ENSG00000198535.5:chr15:62350340
chr4	124316168	124316169	0.004065	1	ENSG00000164056.6	124317950	GTEX-S4UY	11	-0.232101344067168	NA	1.50927628910071	0.0212350671499171	0.00398909616182239	-0.322209	0.515	0	0	0	0	0	0.011	0	0	-0.499	-0.125	-0.131	3.36	-0.362	508	1.09236e-19	0.053666	NA	NA	NA	0	0.0058	0	0.003	0	Control	ENSG00000164056.6:chr4:124316169
chr2	118842201	118842202	0.004065	1	ENSG00000125629.10	118846028	GTEX-W5WG	19	-0.241724504788472	-0.892546841836661	19.9210369586945	0.0254892174653737	0.00516134342445872	0.121733	5.165	0	0	0	0	0.03	0.006	0.008	0.011	-0.154	0.908	0.908	3.22	2.33	NA	NA	0.076698	1	1	55.5717	NA	NA	NA	NA	NA	Control	ENSG00000125629.10:chr2:118842202
chr10	52008822	52008823	0.004065	1	ENSG00000188611.10	52008370	GTEX-QXCU	5	0.401545211496179	NA	0.0928530232539695	0.0167417227898297	0.00294445397201068	-0.115861	1.901	0	0	0	2	0.01	0.005	0	0	-0.18	-0.731	-0.704	3.91	-3.52	NA	NA	0.065702	NA	NA	NA	0	0.0014	0	0	0	Control	ENSG00000188611.10:chr10:52008823
chr8	56679176	56679177	0.004065	1	ENSG00000137574.6	56685701	GTEX-P4PP	19	0.407643713940863	NA	12.9032115016067	0.0219303493476448	0.00381294107358125	-0.130993	1.754	0	0	0	0	0.09	0.161	0.124	0.153	-1.631	-1.315	-1.313	0.381	-0.762	NA	NA	0.085793	NA	NA	NA	NA	NA	NA	NA	NA	Control	ENSG00000137574.6:chr8:56679177
chr8	56682438	56682439	0.004065	1	ENSG00000137574.6	56685701	GTEX-OXRN	11	0.00730550295595455	NA	12.9032115016067	0.0190801768092121	0.00337882649456736	-0.142292	1.649	0	0	3	0	0.05	0.001	0.001	0.001	-0.347	-0.352	-0.342	0.468	-0.534	NA	NA	0.085793	NA	NA	NA	NA	NA	NA	NA	NA	Control	ENSG00000137574.6:chr8:56682439
chr1	93632536	93632537	0.004065	1	ENSG00000117500.8	93628767	GTEX-XBED	24	0.295134237056047	0.623971350617487	11.8731578776711	0.0254203712618895	0.00520502789765283	0.272887	7.186	0	0	0	0	0.01	0.211	0.211	0.246	0.128	0.129	0.138	0	0	NA	NA	0.106103	NA	NA	NA	NA	NA	NA	NA	NA	Control	ENSG00000117500.8:chr1:93632537
chr1	93636017	93636018	0.004065	1	ENSG00000117500.8	93628767	GTEX-OHPM	14	-0.156134407116967	NA	11.8731578776711	0.0250429107380764	0.00474346508927725	-0.016656	3.095	0	0	0	0	0.09	0.033	0.032	0.033	0.11	0.109	0.111	0	0	NA	NA	0.086061	NA	NA	NA	0	0	0	0.001	0.0031	Control	ENSG00000117500.8:chr1:93636018
chr9	130471479	130471480	0.004065	1	ENSG00000187024.9	130479122	GTEX-QEG4	10	-0.46391107777604	NA	0.0257521142300807	0.02346698525665	0.00447471109704001	0.223469	6.584	0	0	1	0	0.01	0.202	0	0	0.415	-0.185	-0.149	3.01	-0.954	NA	NA	0.16322	1	1	46.9119	0	0	0	0.001	0	Control	ENSG00000187024.9:chr9:130471480
chr12	106748114	106748115	0.00813	2	ENSG00000013503.5	106751436	GTEX-XOT4	10	0.443619715256734	NA	2.12894169123549	0.0214800116016442	0.00416988481520356	-0.302321	0.594	0	0	0	0	0.03	0.004	0.007	0.007	-0.511	0.182	0.17	2.6	0.677	NA	NA	0.065702	NA	NA	NA	NA	NA	NA	NA	NA	Control	ENSG00000013503.5:chr12:106748115
chr11	66057595	66057596	0.004065	1	ENSG00000174851.10	66056641	GTEX-X4EO	14	-0.0486492498106856	NA	22.1125482425355	0.0240374871516893	0.00574407481954981	0.16237	5.758	0	15	0	0	0.05	0.006	0	0	-1.278	-0.107	-0.098	3.59	-0.672	NA	NA	0.167156	6	6	769.1595	NA	NA	NA	NA	NA	Control	ENSG00000174851.10:chr11:66057596
chr12	102349952	102349953	0.004065	1	ENSG00000258308.1	102356168	GTEX-WK11	5	-0.446605453229816	NA	0.0855123330512199	0.020474077757664	0.00374779086733965	0.005049	3.402	0	0	0	0	0.01	0.032	0.019	0.023	0.307	0.302	0.311	0.235	0.235	NA	NA	0.115049	NA	NA	NA	NA	NA	NA	NA	NA	Control	ENSG00000258308.1:chr12:102349953
chr16	8879238	8879239	0.004065	1	ENSG00000140650.7	8882680	GTEX-PWN1	15	0.0387488939237464	NA	10.7886874341128	0.0236605877129679	0.00460817430782417	-0.050451	2.644	0	0	0	0	0.07	0.03	0.032	0.035	0.124	0.123	0.125	0.0465	0.0465	NA	NA	0.053666	NA	NA	NA	0	0	0	0.001	0	Control	ENSG00000140650.7:chr16:8879239
chr16	8881125	8881126	0.004065	1	ENSG00000140650.7	8882680	GTEX-QESD	12	-0.0243826280321286	NA	10.7886874341128	0.0217569663740093	0.00407449470579152	-0.006378	3.239	0	0	0	0	0.03	0.046	0.046	0.05	0.11	0.109	0.111	0	0	NA	NA	0.078537	NA	NA	NA	0	0.0014	0	0.001	0	Control	ENSG00000140650.7:chr16:8881126
chr3	156534120	156534121	0.004065	1	ENSG00000240875.1	156534851	GTEX-WWYW	18	-0.218405750120437	NA	2.02939346537255	0.027648571210096	0.00631769445597844	0.335642	7.874	0	18	0	0	0.16	0.007	0	0	0.457	-0.242	-0.219	2.39	-0.883	NA	NA	0.200533	18	18	186.4106	0	0.0043	0	0.002	0.0153	Control	ENSG00000240875.1:chr3:156534121
chr4	77131249	77131250	0.00813	1	ENSG00000138760.4	77135046	GTEX-Q2AI	13	-0.247755773984073	NA	4.6742016212982	0.0233984926710607	0.0041606071822985	-0.177084	1.353	1	0	0	0	0.03	0.016	0.001	0.001	0.53	0.006	0.022	2.45	-0.062	NA	NA	0.093361	NA	NA	NA	0	0.0043	0	0.003	0	Control	ENSG00000138760.4:chr4:77131250
chr19	499725	499726	0.004065	1	ENSG00000141933.8	507299	GTEX-U4B1	17	-0.273388043612233	NA	3.13629854143712	0.0327321522695525	0.00635719987205189	0.798223	11.65	0	0	0	0	0.07	0.572	0.013	0.014	0.198	0.818	0.806	0.937	0.937	NA	NA	0.081118	1	1	46.2434	NA	NA	NA	NA	NA	Control	ENSG00000141933.8:chr19:499726
chr19	502051	502052	0.004065	1	ENSG00000141933.8	507299	GTEX-OHPM	14	0.280188037222772	NA	3.13629854143712	0.0193417563336713	0.00364951454173582	-0.560757	0.081	0	0	0	0	0.08	0.005	0	0.011	-2.912	-2.173	-2.106	1.06	-2.13	NA	NA	0.065702	NA	NA	NA	0	0.0043	0.0098	0.002	0	Control	ENSG00000141933.8:chr19:502052
chr19	515769	515770	0.004065	1	ENSG00000141933.8	507299	GTEX-REY6	17	0.413078666548397	NA	3.13629854143712	0.051200262402935	0.0213602364480426	0.067669	4.342	0	0	0	0	0.12	NA	NA	NA	NA	NA	NA	0	0	NA	NA	0.056797	NA	NA	NA	0	0	0	0	0.002	Control	ENSG00000141933.8:chr19:515770
chr3	148845298	148845299	0.004065	1	ENSG00000163755.4	148847371	GTEX-S95S	15	-0.362066068454382	-1.36776558839931	9.62281475987351	0.0255589354838689	0.00526766432721336	-0.071687	2.383	0	0	0	0	0.01	0.003	0.004	0.005	0.307	0.513	0.521	0.51	0.51	NA	NA	0.065702	NA	NA	NA	NA	NA	NA	NA	NA	Control	ENSG00000163755.4:chr3:148845299
chr3	148846597	148846598	0.004065	1	ENSG00000163755.4	148847371	GTEX-O5YW	10	-0.217236253779412	NA	9.62281475987351	0.0160500853688997	0.00278720065217999	-0.030698	2.903	1	0	0	12	0	0.04	0	0	0.375	-0.712	-0.661	1.7	-2.55	NA	NA	0.12562	NA	NA	NA	NA	NA	NA	NA	NA	Control	ENSG00000163755.4:chr3:148846598
chr12	112824295	112824296	0.004065	1	ENSG00000173064.6	112819896	GTEX-OXRL	14	0.211895927234932	NA	6.54059042428669	0.0243112661064776	0.0060331046334299	0.90552	12.41	1	0	0	0	0.03	0.376	0.59	0.642	-0.278	0.422	0.482	4.33	1.96	434.2	2.40088e-55	0.053666	NA	NA	NA	NA	NA	NA	NA	NA	Control	ENSG00000173064.6:chr12:112824296
chr16	1493153	1493154	0.004065	1	ENSG00000197599.8	1494557	GTEX-WZTO	27	-0.302718152681222	-0.555158660289122	0.212746225983689	0.0333096796122288	0.00820492948728694	0.330991	7.825	1	0	0	0	0.11	0.001	0.002	0.004	0.557	1.521	2.185	2.14	2.14	NA	NA	0.056797	NA	NA	NA	0	0.0029	0	0	0	Control	ENSG00000197599.8:chr16:1493154
chr11	8190363	8190364	0.004065	1	ENSG00000166405.10	8190602	GTEX-P4QR	6	0.398528145432647	NA	0.953543229649465	0.0325027417029358	0.00710170813576168	0.528564	9.612	0	14	0	0	0.12	0.028	0	0	0.486	-0.281	-0.18	2.78	-0.327	NA	NA	0.200533	7	12	97.1734	0	0.0058	0	0.004	0.002	Control	ENSG00000166405.10:chr11:8190364
chr1	20208579	20208580	0.004065	1	ENSG00000169914.5	20209006	GTEX-QEG5	17	0.0658878841373719	NA	3.75112932606747	0.0245164578921293	0.00511413205629739	0.184138	6.062	0	19	0	0	0.07	0.004	0	0	0.445	-0.418	-0.381	2.28	-1.74	NA	NA	0.167156	7	8	51.3128	0	0.0014	0	0.003	0	Control	ENSG00000169914.5:chr1:20208580
chr4	122694281	122694282	0.004065	1	ENSG00000226757.1	122685740	GTEX-WVLH	6	-0.304398991143698	NA	0.00209028010763097	0.016782698954844	0.00336297526509664	0.093878	4.744	0	0	0	0	0.01	0.082	0.08	0.102	0.307	0.302	0.311	0.235	0.235	NA	NA	0.065702	NA	NA	NA	NA	NA	NA	NA	NA	Control	ENSG00000226757.1:chr4:122694282
chr9	116838220	116838221	0.004065	1	ENSG00000106927.7	116840752	GTEX-XV7Q	24	0.0112020297678247	NA	0.161538599018138	0.0212065855631854	0.0035107690821837	-0.051178	2.635	0	0	0	0	0.03	0	0	0	-0.378	-0.205	-0.194	2.59	-0.957	NA	NA	0.078537	NA	NA	NA	NA	NA	NA	NA	NA	Control	ENSG00000106927.7:chr9:116838221
chr13	53599104	53599105	0.004065	1	ENSG00000102837.6	53602894	GTEX-WL46	20	0.372480383857088	NA	0.0525368572163739	0.0185828885101424	0.00340464166015603	-0.399063	0.292	0	0	0	0	0.01	0.004	0	0	-0.363	-0.791	-0.8	3.6	-3.13	NA	NA	0.065702	NA	NA	NA	0	0	0	0.002	0	Control	ENSG00000102837.6:chr13:53599105
chr13	53603504	53603505	0.004065	1	ENSG00000102837.6	53602894	GTEX-WFJO	13	0.43254692624455	-0.508633794475954	0.0525368572163739	0.0262879959753602	0.00457369639724	-0.372549	0.356	0	0	0	0	0.01	0	0	0	-1.302	-1.61	-1.491	2.27	-4.54	NA	NA	0.053666	NA	NA	NA	0	0.0058	0	0.004	0	Control	ENSG00000102837.6:chr13:53603505
chr17	40950792	40950793	0.004065	1	ENSG00000183978.7	40950722	GTEX-OXRP	9	-0.404231578383275	NA	20.6558965214512	0.0432044228085207	0.0171918174185825	1.135572	13.96	0	19	0	0	0.23	0.546	0.001	0	-0.186	-0.73	-1.282	4.38	-6.12	NA	NA	0.031325	51	106	481.3966	0	0.0029	0	0.002	0	Control	ENSG00000183978.7:chr17:40950793
chr14	95050174	95050175	0.00813	1	ENSG00000188488.9	95045043	GTEX-WVLH	17	0.12973163639116	NA	0.0390454706033332	0.0164281338137702	0.00231281572719825	-1.030465	0.004	0	0	0	0	0	0.001	0	0	-2.18	-5.298	-5.183	2.14	-4.28	NA	NA	0.053666	NA	NA	NA	0	0	0	0.006	0.001	Control	ENSG00000188488.9:chr14:95050175
chr1	76189807	76189808	0.00813	1	ENSG00000117054.9	76190036	GTEX-T6MN	26	-0.306380006470601	-1.31188599071724	58.7233494541101	0.0199700903090007	0.00484736818402494	0.006271	3.42	4	18	0	0	0.08	0.012	0	0	0.557	-0.7	-0.7	3.24	-3.22	NA	NA	0.046624	8	9	45.1052	NA	NA	NA	NA	NA	Control	ENSG00000117054.9:chr1:76189808
chr6	13574666	13574667	0.00813	1	ENSG00000124523.10	13574816	GTEX-R55G	18	0.150192100602024	NA	4.53803608710306	0.0598905818596963	0.0279541578909634	0.452609	8.977	0	18	0	0	0.29	0.004	0	0	0.188	0.302	0.167	2.47	0.527	NA	NA	0.031325	47	84	432.442	NA	NA	NA	NA	NA	Control	ENSG00000124523.10:chr6:13574667
chr7	56124986	56124987	0.004065	1	ENSG00000146731.6	56119323	GTEX-OIZG	10	0.0454132130496484	NA	100.940274456091	0.019483101677049	0.00334572903795983	-0.18727	1.274	0	0	0	0	0	0.001	0	0	-0.327	-0.852	-0.832	1.96	-2.69	NA	NA	0.068557	NA	NA	NA	NA	NA	NA	NA	NA	Control	ENSG00000146731.6:chr7:56124987
chr19	53600537	53600538	0.008197	1	ENSG00000170949.13	53606689	GTEX-X4XY	13	-0.111900014983446	NA	9.84679840322126	0.0230602124580502	0.00431049249106401	-0.433059	0.225	0	0	0	0	0.03	0.002	0.001	0.001	-1.803	-0.811	-0.717	0.914	-0.208	NA	NA	0.106103	NA	NA	NA	0.002	0.0101	0.0416	0.008	0.001	Control	ENSG00000170949.13:chr19:53600538
chr19	53615353	53615354	0.004065	1	ENSG00000170949.13	53606689	GTEX-XMK1	17	-0.139836207517261	-0.80588660351974	9.84679840322126	0.0233974603544825	0.00623173880917759	-0.296044	0.622	0	0	0	0	0.04	0.005	0.005	0.006	-1.034	-1.04	-1.005	0.158	-0.317	NA	NA	0.088604	NA	NA	NA	0	0	0	0	0.002	Control	ENSG00000170949.13:chr19:53615354
chr8	86285731	86285732	0.004065	1	ENSG00000133742.9	86291243	GTEX-WY7C	13	0.0281694512217722	NA	0.0156596491967017	0.0224044944129367	0.0036468432288556	-0.401847	0.286	0	0	0	0	0	0	0	0	-0.321	-0.321	-0.303	0.559	-0.613	NA	NA	0.053666	NA	NA	NA	NA	NA	NA	NA	NA	Control	ENSG00000133742.9:chr8:86285732
chr4	145056000	145056001	0.00813	1	ENSG00000170180.15	145061904	GTEX-WZTO	8	0.156428326062293	NA	0.00157322523617104	0.0278503722098936	0.00549045277286355	-0.093075	2.14	0	0	0	0	0	0.057	0.006	0.008	0.37	1.03	1.081	1.69	1.69	NA	NA	0.061782	NA	NA	NA	0.001	0.013	0	0.0089	0.0031	Control	ENSG00000170180.15:chr4:145056001
chr4	145068996	145068997	0.004065	1	ENSG00000170180.15	145061904	GTEX-PVOW	5	-0.157663005596294	NA	0.00157322523617104	0.0213695277180085	0.00364634766568664	0.009111	3.461	0	0	0	0	0.01	0.069	0.069	0.072	0.11	0.109	0.111	0	0	NA	NA	0.061782	NA	NA	NA	NA	NA	NA	NA	NA	Control	ENSG00000170180.15:chr4:145068997
chr11	104970395	104970396	0.00813	1	ENSG00000255221.2	104971506	GTEX-W5WG	6	-0.163975912696981	-0.873443094023327	0.133273665744223	0.0246886661887665	0.00440529466390186	-0.217555	1.058	0	0	0	0	0.01	0.01	0.016	0.022	0.507	0.075	0.093	1.36	0.282	NA	NA	0.074427	NA	NA	NA	0	0.0014	0	0	0	Control	ENSG00000255221.2:chr11:104970396
chr3	194983372	194983373	0.004065	1	ENSG00000173950.11	194991896	GTEX-R55C	14	0.432826817748641	NA	1.6877270466403	0.0185021256378536	0.0032980263380936	-0.103766	2.025	0	0	0	0	0.05	0.001	0.001	0.001	-1.327	-0.144	-0.145	2.41	-0.481	NA	NA	0.088604	NA	NA	NA	NA	NA	NA	NA	NA	Control	ENSG00000173950.11:chr3:194983373
chr7	112116780	112116781	0.004065	1	ENSG00000181016.5	112121073	GTEX-XOT4	10	0.233553800398321	NA	0.421039059888898	0.0269979844448422	0.00572774196603989	0.057267	4.183	0	0	0	0	0.03	0.012	0.01	0.019	-0.187	-0.363	-0.327	2.96	-1.41	NA	NA	0.115049	NA	NA	NA	NA	NA	NA	NA	NA	Control	ENSG00000181016.5:chr7:112116781
chr19	39385538	39385539	0.004065	1	ENSG00000068903.15	39390502	GTEX-P4PQ	14	0.240969317216222	NA	9.67474398278354	0.0172162351667531	0.00296357494718497	-0.046206	2.698	1	0	6	0	0.03	0.079	0	0	-1.287	-0.911	-0.896	3.39	-4.93	NA	NA	0.164107	NA	NA	NA	0	0.0029	0	0.002	0.001	Control	ENSG00000068903.15:chr19:39385539
chr19	39394666	39394667	0.004065	1	ENSG00000068903.15	39390502	GTEX-R55C	14	0.176426306476138	NA	9.67474398278354	0.0269526069319246	0.0054934367556258	-0.091963	2.152	0	0	0	0	0.09	0.019	0.021	0.025	0.4	0.401	0.406	0.285	0.285	NA	NA	0.088604	NA	NA	NA	NA	NA	NA	NA	NA	Control	ENSG00000068903.15:chr19:39394667
chr10	14999102	14999103	0.004065	1	ENSG00000197889.5	15001438	GTEX-XGQ4	15	-0.17134952799229	-0.855849121761216	0.0990646787134832	0.0228726956969293	0.00455137351935221	-0.013129	3.144	0	0	0	0	0.03	0.028	0.005	0.006	0.255	0.692	0.72	0.98	0.98	NA	NA	0.053666	NA	NA	NA	0.001	0	0	0	0	Control	ENSG00000197889.5:chr10:14999103
chr3	51416021	51416022	0.004065	1	ENSG00000145050.11	51422478	GTEX-REY6	17	-0.0965936271272936	NA	36.6534798354433	0.0174983997069779	0.00296779371640928	-0.213691	1.084	0	0	0	0	0.03	0.144	0	0	-0.347	-0.843	-0.701	2.84	-4.1	NA	NA	0.078537	NA	NA	NA	0	0	0	0.001	0	Control	ENSG00000145050.11:chr3:51416022
chr16	14919680	14919681	0.004065	1	ENSG00000103512.10	14927538	GTEX-WFON	24	-0.319899782134354	-0.0665279112372094	11.304257284131	0.0241657505798723	0.00461139650197379	0.00759	3.439	0	0	0	0	0.04	0.107	0.107	0.13	0.128	0.129	0.138	0	0	NA	NA	0.053666	NA	NA	NA	NA	NA	NA	NA	NA	Control	ENSG00000103512.10:chr16:14919681
chr16	15159299	15159300	0.004065	1	ENSG00000157045.4	15149921	GTEX-RWS6	21	-0.152504601380214	-1.23641144852489	26.5423930653355	0.0180276109703944	0.00331555145912033	-0.055181	2.584	0	0	0	0	0.03	0.001	0	0	-0.194	-0.152	-0.392	3.97	-1.61	NA	NA	0.069498	NA	NA	NA	0	0	0	0	0.002	Control	ENSG00000157045.4:chr16:15159300
chr22	38798396	38798397	0.004065	1	ENSG00000213923.6	38794527	GTEX-WHSB	8	-0.484156826039863	-2.35348970724912	15.3775192436419	0.0184557580331388	0.0031836861876624	-0.058659	2.541	1	0	0	0	0.03	0.001	0.002	0.002	-1.432	-0.105	-0.084	1.98	-0.235	NA	NA	0.048334	NA	NA	NA	0	0.0058	0.0129	0.005	0	Control	ENSG00000213923.6:chr22:38798397
chr1	109930791	109930792	0.004065	1	ENSG00000134243.7	109940573	GTEX-QESD	12	-0.089300777747792	NA	1.58196141152528	0.0194431561909282	0.00383584865520621	0.568465	9.929	0	0	0	0	0.03	0.261	0.255	0.338	0.307	0.302	0.311	0.235	0.235	NA	NA	0.065702	1	1	22.4226	0	0.0014	0	0.004	0.0245	Control	ENSG00000134243.7:chr1:109930792
chr1	109941510	109941511	0.004065	1	ENSG00000134243.7	109940573	GTEX-QESD	12	-0.089300777747792	NA	1.58196141152528	0.0194431561909282	0.00383584865520621	0.049671	4.067	0	0	0	7	0.05	0.018	0	0	-0.375	-0.786	-0.602	4.42	-4.07	NA	NA	0.093361	NA	NA	NA	0	0.0014	0	0.004	0.001	Control	ENSG00000134243.7:chr1:109941511
chr5	150224397	150224398	0.00813	1	ENSG00000237693.4	150226085	GTEX-XUW1	7	0.219279706370988	NA	0.246909040704435	0.0258710490298553	0.00597108695866256	0.290487	7.387	0	0	0	0	0.03	0.12	0.16	0.174	0.557	0.692	0.7	0.766	0.766	NA	NA	0.074678	2	2	59.2898	0	0	0	0.004	0.0051	Control	ENSG00000237693.4:chr5:150224398
chr11	920216	920217	0.004065	1	ENSG00000183020.9	924894	GTEX-WFG7	22	-0.269102942408137	0.835565398812354	7.99497270584107	0.0218599240001175	0.00346866768909369	-0.421362	0.246	0	0	0	0	0.05	0.004	0	0	-1.219	-1.958	-1.859	0.426	-0.852	NA	NA	0.056797	NA	NA	NA	NA	NA	NA	NA	NA	Control	ENSG00000183020.9:chr11:920217
chr5	296740	296741	0.00813	1	ENSG00000063438.12	304291	GTEX-S4P3	14	-0.292468152934103	NA	16.8823871277926	0.0213132212559486	0.00347516197522157	-0.183414	1.304	0	0	0	0	0.03	0.042	0.042	0.045	0.11	0.109	0.111	0	0	NA	NA	0.094092	NA	NA	NA	0	0.0043	0	0.007	0.001	Control	ENSG00000063438.12:chr5:296741
chr5	301386	301387	0.004065	1	ENSG00000063438.12	304291	GTEX-SUCS	15	0.053984128526393	0.482354936315344	16.8823871277926	0.0265592687695649	0.00549569498841878	0.284573	7.32	0	0	0	0	0.05	0.184	0.001	0.001	0.291	0.752	0.757	0.779	0.779	NA	NA	0.099652	NA	NA	NA	NA	NA	NA	NA	NA	Control	ENSG00000063438.12:chr5:301387
chr17	26217427	26217428	0.004065	1	ENSG00000232859.5	26220409	GTEX-PW2O	12	0.137716525151468	NA	3.05530418847737	0.0190207859368239	0.0030856840841062	-0.084091	2.24	1	0	2	0	0.01	0.01	0.003	0.004	-1.017	-0.954	-0.854	0.235	-0.47	NA	NA	0.078537	NA	NA	NA	0	0	0.0023	0.002	0	Control	ENSG00000232859.5:chr17:26217428
chr5	149729014	149729015	0.004065	1	ENSG00000070814.13	149737202	GTEX-UPJH	9	-0.204571249988016	-0.204571249988016	18.2334043435883	0.0209334011674007	0.00475792173594179	0.443967	8.901	0	0	0	0	0.04	0.165	0.075	0.09	0.486	1.033	1.034	3.54	2.65	NA	NA	0.053666	NA	NA	NA	NA	NA	NA	NA	NA	Control	ENSG00000070814.13:chr5:149729015
chr5	149729480	149729481	0.004065	1	ENSG00000070814.13	149737202	GTEX-S95S	15	-0.166471766102982	1.00648257177481	18.2334043435883	0.0259950928883266	0.0065656551423764	1.723308	17.14	0	0	2	0	0.01	0.865	0.887	0.907	0.198	0.195	0.202	0.158	0.158	884.9	4.30758e-61	0.056797	1	1	29.8145	NA	NA	NA	NA	NA	Control	ENSG00000070814.13:chr5:149729481
chr5	149729908	149729909	0.004065	1	ENSG00000070814.13	149737202	GTEX-R3RS	7	0.0949403608360984	NA	18.2334043435883	0.0275570560581897	0.00743981155051389	2.059234	19.6	0	0	11	0	0.01	0.992	0.997	0.998	0.455	0.254	0.301	3.83	1.25	884.9	4.30758e-61	0.056797	2	2	38.8614	0	0	0	0.003	0	Control	ENSG00000070814.13:chr5:149729909
chr5	149738773	149738774	0.004065	1	ENSG00000070814.13	149737202	GTEX-RUSQ	13	-0.0371071094392386	NA	18.2334043435883	0.0211337181834206	0.00346950664516901	-0.061661	2.504	0	0	0	0	0.03	0.007	0.007	0.008	0.298	0.293	0.302	0.226	0.226	NA	NA	0.093361	NA	NA	NA	NA	NA	NA	NA	NA	Control	ENSG00000070814.13:chr5:149738774
chr5	149739567	149739568	0.004065	1	ENSG00000070814.13	149737202	GTEX-XOT4	10	-0.374964509769519	NA	18.2334043435883	0.0287282117820232	0.00777835913795552	0.085687	4.618	0	0	0	0	0.03	0.02	0.001	0.001	-0.572	0.742	0.725	2.76	1.89	NA	NA	0.090897	NA	NA	NA	0.001	0	0	0	0.0378	Control	ENSG00000070814.13:chr5:149739568
chr5	149745873	149745874	0.004065	1	ENSG00000070814.13	149737202	GTEX-WFG7	22	0.09591692803002	0.462230581365408	18.2334043435883	0.0246149134551212	0.00529567985084751	0.35208	8.041	0	0	0	0	0.01	0.233	0.063	0.08	0.379	0.512	0.541	0.646	0.646	NA	NA	0.099652	NA	NA	NA	0.002	0	0	0.001	0	Control	ENSG00000070814.13:chr5:149745874
chr5	149746893	149746894	0.00813	1	ENSG00000070814.13	149737202	GTEX-P4PP	19	-0.0566100621290097	NA	18.2334043435883	0.0185439309268883	0.00333424556256891	-0.126832	1.793	0	0	0	0	0.04	0.002	0	0	-0.511	-0.769	-0.751	2.83	-2.9	NA	NA	0.062364	NA	NA	NA	0	0.0014	0.031	0.001	0	Control	ENSG00000070814.13:chr5:149746894
chr20	44985305	44985306	0.004065	1	ENSG00000080189.10	44993043	GTEX-S4Z8	15	0.180977016289566	NA	16.7999917080528	0.0184166564749889	0.0031109424779874	-0.123038	1.83	0	0	11	0	0.05	0.001	0	0	-0.385	-1.128	-1.335	1.82	-3.31	NA	NA	0.257208	NA	NA	NA	NA	NA	NA	NA	NA	Control	ENSG00000080189.10:chr20:44985306
chr5	176977850	176977851	0.004065	1	ENSG00000272459.1	176981825	GTEX-WHPG	13	-0.323924752362585	-0.614503408435214	0.179024716300008	0.0254240431417748	0.00501879303439387	0.008246	3.449	0	0	0	0	0.04	0.019	0.011	0.012	0.198	0.52	0.53	0.539	0.539	NA	NA	0.164107	NA	NA	NA	NA	NA	NA	NA	NA	Control	ENSG00000272459.1:chr5:176977851
chr20	42880486	42880487	0.004098	1	ENSG00000124194.11	42875887	GTEX-P4PQ	10	0.0807940822344785	NA	0.0255215316316472	0.0259141610044568	0.00528602491845819	-0.144021	1.633	0	0	0	0	0.07	0.007	0	0	-1.39	0.074	0.093	3.88	0.445	NA	NA	0.081118	NA	NA	NA	0	0.0029	0	0.004	0	Control	ENSG00000124194.11:chr20:42880487
chr13	36780499	36780500	0.00813	1	ENSG00000120669.11	36788752	GTEX-OIZH	15	-0.0776895177310097	NA	0.00694506960561532	0.0292357044987353	0.00772950998937836	0.630871	10.42	0	0	0	0	0	0.079	0.739	0.773	0.249	1.33	1.368	2.32	2.32	NA	NA	0.053666	NA	NA	NA	0	0.0058	0.0651	0.0099	0.0164	Control	ENSG00000120669.11:chr13:36780500
chr4	88385857	88385858	0.00813	1	ENSG00000272856.1	88383432	GTEX-S32W	13	-0.421230517007143	NA	0.00411540804136741	0.0247294185094172	0.00510678620747044	-0.108356	1.977	0	0	0	0	0.04	0.012	0.004	0.006	0.255	0.451	0.484	0.563	0.563	NA	NA	0.053666	NA	NA	NA	0	0.0014	0	0.008	0.001	Control	ENSG00000272856.1:chr4:88385858
chr4	88389877	88389878	0.004065	1	ENSG00000272856.1	88383432	GTEX-XBEC	9	-0.302995466471498	NA	0.00411540804136741	0.0189523131421404	0.00365419719268618	0.19128	6.16	0	0	0	0	0.03	0.167	0.001	0.002	0.486	-0.17	-0.157	2.08	-0.624	NA	NA	0.053666	NA	NA	NA	NA	NA	NA	NA	NA	Control	ENSG00000272856.1:chr4:88389878
chr7	6752618	6752619	0.004065	1	ENSG00000164631.14	6746554	GTEX-WK11	11	-0.239941493047136	NA	10.1175610433545	0.0243280650832281	0.00503023507240525	-0.129339	1.769	0	0	0	0	0.07	0.017	0.017	0.021	0.249	0.252	0.268	0.195	0.195	NA	NA	0.053666	NA	NA	NA	0	0.0043	8e-04	0.0099	0.001	Control	ENSG00000164631.14:chr7:6752619
chr7	6687524	6687525	0.004065	1	ENSG00000260054.1	6694495	GTEX-PWN1	15	0.208088171848115	NA	17.8139619994582	0.0274798496164408	0.00574276847726137	0.100349	4.842	0	0	0	0	0.05	0.006	0.002	0.002	0.53	0.819	0.853	1.22	1.22	NA	NA	0.069498	NA	NA	NA	NA	NA	NA	NA	NA	Control	ENSG00000260054.1:chr7:6687525
chr7	6687873	6687874	0.004065	1	ENSG00000260054.1	6694495	GTEX-X4XX	16	-0.233958154485305	NA	17.8139619994582	0.0273808937994513	0.00555000309342575	0.058839	4.207	0	0	0	0	0.03	0.02	0.001	0.002	0.462	0.893	0.903	1.09	1.09	NA	NA	0.069498	NA	NA	NA	NA	NA	NA	NA	NA	Control	ENSG00000260054.1:chr7:6687874
chr7	6689654	6689655	0.004065	1	ENSG00000260054.1	6694495	GTEX-PWOO	17	0.259141575963403	NA	17.8139619994582	0.0200200093507459	0.00378201727171171	-0.130856	1.755	0	0	0	0	0.05	0.001	0	0	-0.301	-0.821	-0.834	1.86	-2.39	NA	NA	0.099652	NA	NA	NA	NA	NA	NA	NA	NA	Control	ENSG00000260054.1:chr7:6689655
chr7	6691956	6691957	0.004065	1	ENSG00000260054.1	6694495	GTEX-WHPG	13	-0.0378098461541947	0.644765028521993	17.8139619994582	0.0484815221232498	0.0176197229759878	1.535058	16.15	0	0	0	0	0.11	0.939	0.824	0.001	0.525	-0.359	0.016	4.78	-3.26	274	2.11607e-39	0.295356	NA	NA	NA	0	0.0086	0.112	0.001	0	Control	ENSG00000260054.1:chr7:6691957
chr7	6699237	6699238	0.004065	1	ENSG00000260054.1	6694495	GTEX-T8EM	15	-0.222541615981676	NA	17.8139619994582	0.0228555777501959	0.00455232753389751	-0.064057	2.475	0	0	6	0	0.03	0.048	0.004	0.006	0.374	-0.331	-0.241	1.05	-0.913	NA	NA	0.158673	2	2	58.3413	NA	NA	NA	NA	NA	Control	ENSG00000260054.1:chr7:6699238
chr7	6702345	6702346	0.004065	1	ENSG00000260054.1	6694495	GTEX-WFG7	22	0.030251816638404	-0.271755989096102	17.8139619994582	0.0186789123127853	0.00295042530143863	-0.386396	0.321	0	0	0	0	0.03	0.003	0.003	0.003	-1.133	-1.138	-1.099	0.149	-0.298	NA	NA	0.056797	NA	NA	NA	NA	NA	NA	NA	NA	Control	ENSG00000260054.1:chr7:6702346
chr15	34634317	34634318	0.004065	1	ENSG00000182117.4	34635378	GTEX-U3ZH	18	0.311348841728446	0.25429756617388	130.941687868353	0.0140440044646265	0.00351409229721159	0.603467	10.21	0	17	0	0	0.05	0.223	0.16	0.001	0.646	0.671	0.65	4.89	1.94	NA	NA	0.12562	1	1	26.6789	0	0	0	0.001	0	Control	ENSG00000182117.4:chr15:34634318
chr7	6649608	6649609	0.00813	1	ENSG00000236609.3	6655248	GTEX-OXRL	14	-0.152437974194433	NA	0.19021468390629	0.023307625814807	0.00440899417997987	0.154858	5.651	0	0	0	0	0.05	0.116	0.114	0.129	0.154	0.151	0.158	0	0	NA	NA	0.060736	NA	NA	NA	0	0.0058	0	0.0089	0	Control	ENSG00000236609.3:chr7:6649609
chr9	127627048	127627049	0.004065	1	ENSG00000136942.10	127624240	GTEX-WHPG	13	-0.0926757752716256	0.146510324760401	994.260324578536	0.0483759164398609	0.0206417166832028	0.088638	4.664	0	0	0	0	0.09	0.079	0.079	0.081	0.076	0.074	0.075	0	0	NA	NA	0.062364	NA	NA	NA	0	0.0115	0.0673	0	0	Control	ENSG00000136942.10:chr9:127627049
chr19	42369073	42369074	0.004065	1	ENSG00000105372.2	42363988	GTEX-WOFM	13	0.282090104662903	1.2071742169875	405.696799562689	0.0198699793628797	0.00395767930517117	0.591811	10.12	1	0	6	0	0	0.43	0.002	0.003	0.5	-0.021	-0.01	1.39	-0.133	NA	NA	0.118231	NA	NA	NA	NA	NA	NA	NA	NA	Control	ENSG00000105372.2:chr19:42369074
chr19	18677854	18677855	0.004065	1	ENSG00000221983.3	18682540	GTEX-S7SE	17	0.0693013850332521	NA	192.445421854655	0.0270775252514416	0.00553998189348449	0.016568	3.57	2	0	0	0	0.03	0.017	0.001	0	-0.514	0.216	-0.117	2.19	-0.124	NA	NA	0.099652	NA	NA	NA	NA	NA	NA	NA	NA	Control	ENSG00000221983.3:chr19:18677855
chr11	62348047	62348048	0.004065	1	ENSG00000254772.5	62342401	GTEX-O5YV	12	0.112167886607338	NA	665.728341353567	0.0196710550172332	0.00337025364071103	-0.148239	1.596	0	0	0	0	0	0.087	0.014	0.019	-1.336	-0.411	-0.393	1.15	-2.05	NA	NA	0.106103	NA	NA	NA	0	0	0	0.001	0	Control	ENSG00000254772.5:chr11:62348048
chr13	96320677	96320678	0.004065	1	ENSG00000102580.10	96329393	GTEX-XMK1	17	-0.0790997268742846	-0.173520771205556	12.9154150778787	0.0272122678352602	0.00591788843603997	0.170457	5.872	0	0	0	0	0	0.266	0.267	0.335	0.188	0.185	0.192	0.149	0.149	NA	NA	0.078537	NA	NA	NA	NA	NA	NA	NA	NA	Control	ENSG00000102580.10:chr13:96320678
chr1	45813176	45813177	0.00813	1	ENSG00000132781.13	45804328	GTEX-PSDG	16	-0.06170268079141	NA	7.86041863968498	0.0185174879202962	0.00304086315259208	-0.202358	1.163	0	0	2	0	0.04	0.011	0.013	0.016	-0.818	-0.81	-0.764	0.225	-0.451	NA	NA	0.060736	NA	NA	NA	0.001	0.0115	0.0015	0.008	0.0102	Control	ENSG00000132781.13:chr1:45813177
chr2	70533427	70533428	0.004065	1	ENSG00000035141.3	70529222	GTEX-WWYW	18	-0.0486833373267691	NA	26.1181795053315	0.0217645556140036	0.00395618704281525	-0.286185	0.667	0	0	0	0	0.08	0.04	0	0	-0.694	-0.903	-0.861	0.696	-1.39	NA	NA	0.081118	NA	NA	NA	NA	NA	NA	NA	NA	Control	ENSG00000035141.3:chr2:70533428
chr11	67989090	67989091	0.00813	1	ENSG00000110066.10	67981295	GTEX-T8EM	15	0.0103983000199333	NA	4.59440942605336	0.0214098393475503	0.00457138843729779	-0.165075	1.451	0	0	0	0	0.03	0	0	0	-0.937	-0.621	-0.554	2.77	-2.66	NA	NA	0.053666	NA	NA	NA	0	0.0029	0	0.006	0	Control	ENSG00000110066.10:chr11:67989091
chr2	75424082	75424083	0.004065	1	ENSG00000115353.6	75426826	GTEX-WHSB	7	-0.135203436112971	-0.135203436112971	0.213331981950129	0.0251375004659221	0.00461192217563701	-0.024607	2.985	0	0	0	0	0.01	0.004	0	0	-0.309	-0.383	-0.314	4.5	-2.21	NA	NA	0.07893	NA	NA	NA	0	0	8e-04	0.003	0.0031	Control	ENSG00000115353.6:chr2:75424083
chr19	13245890	13245891	0.00813	1	ENSG00000266897.1	13242385	GTEX-OHPM	5	-0.413178029723502	NA	0.271429968213564	0.0266542571258067	0.00504122445007207	0.078852	4.514	0	0	0	0	0.04	0.002	0	0	0.474	-0.318	-0.147	2.42	-1.11	NA	NA	0.115049	NA	NA	NA	0	0	0	0.003	0	Control	ENSG00000266897.1:chr19:13245891
chr6	88185502	88185503	0.00813	1	ENSG00000164414.12	88180341	GTEX-P4PQ	14	-0.25086753660667	NA	8.56953262027941	0.0158028080576571	0.00246710765644767	-0.126462	1.797	0	0	0	0	0	0.002	0	0	-0.319	-1.148	-1.032	3.68	-5.61	NA	NA	0.07893	NA	NA	NA	0	0.0014	0	0.008	0.002	Control	ENSG00000164414.12:chr6:88185503
chr17	20805787	20805788	0.004065	1	ENSG00000205212.3	20799453	GTEX-XGQ4	11	-0.49660322695238	NA	0.0112490361687123	0.0299401621262512	0.00595984539914703	-0.033591	2.864	0	0	0	0	0.07	0.179	0.178	0.346	0.219	0.222	0.133	0	0	NA	NA	0.139796	NA	NA	NA	NA	NA	NA	NA	NA	Control	ENSG00000205212.3:chr17:20805788
